p_val	avg_log2FC	pct.1	pct.2	p_val_adj	cluster	gene
0	4.62345391067077	1	0.263	0	c17	CCL4
0	4.51816829760034	0.762	0.098	0	c17	CCL4L1
0	4.98765297122135	0.654	0.05	0	c17	CCL4L2
0	4.34134513374479	0.624	0.072	0	c17	CCL3
0	3.08383920866675	0.448	0.085	0	c17	IFNG
3.69717718167422e-197	3.71956476716602	0.135	0.013	7.16180191862114e-193	c17	CCL3L1
6.16989922260883e-184	3.3966079498419	0.32	0.069	1.19517117841156e-179	c17	XCL2
3.54256896871081e-170	3.78192856021584	0.088	0.007	6.86231034928972e-166	c17	FASLG
7.84185706926865e-137	3.66312407282194	0.076	0.006	1.51904613288803e-132	c17	EGR2
7.00920247560372e-116	2.97686435778303	0.284	0.077	1.3577526115492e-111	c17	XCL1
1.61719255704835e-107	1.32942037192039	0.598	0.272	3.13266370225836e-103	c17	SRGN
1.89540871652837e-101	1.14560843987245	0.785	0.471	3.6715962247871e-97	c17	CCL5
1.47616818810067e-93	2.3827908836984	0.266	0.077	2.85948539716981e-89	c17	TNF
4.63954084556984e-90	1.14570551915387	0.633	0.315	8.98725457195333e-86	c17	NKG7
6.49107457118633e-90	3.24036682131612	0.077	0.009	1.2573860551845e-85	c17	CRTAM
3.56703643036219e-84	1.92055612359719	0.306	0.104	6.90970626925461e-80	c17	ZFP36L1
6.60911814699872e-76	2.69126666935233	0.12	0.023	1.28025227625512e-71	c17	TNFSF9
7.32984909575414e-69	3.20386051231761	0.056	0.006	1.41986506833853e-64	c17	NFKBID
6.51061424287221e-65	1.7586617480612	0.357	0.152	1.26117108498678e-60	c17	GZMB
1.8582849208616e-62	2.70869909828163	0.087	0.015	3.59968372020101e-58	c17	RILPL2
1.55844159149346e-60	1.10710467570029	0.488	0.247	3.01885720688198e-56	c17	CST7
7.453043331314e-59	1.60053343278871	0.25	0.089	1.44372902370884e-54	c17	KLRD1
6.78733188647937e-55	1.53613709492363	0.273	0.107	1.31477405972992e-50	c17	NR4A2
1.50826862978043e-51	1.99503327341037	0.126	0.032	2.92166716274767e-47	c17	SLA
1.57213574741879e-51	1.02820541343405	0.423	0.213	3.04538415632493e-47	c17	GZMA
2.56505143113813e-49	0.92517218151834	0.616	0.391	4.96876112725767e-45	c17	CD69
4.21481899768593e-47	1.17692249794706	0.498	0.297	8.16452588041741e-43	c17	KLF6
7.76249139100827e-44	1.43569703002764	0.239	0.097	1.50367220735221e-39	c17	TAGAP
2.31465123877831e-42	1.74417426778512	0.155	0.05	4.48371091463747e-38	c17	CD97
1.80219516445617e-41	1.90922805355461	0.115	0.032	3.49103225306804e-37	c17	CBLB
2.28928477411588e-40	1.9522349195912	0.1	0.026	4.43457353593987e-36	c17	LYST
8.48526305969043e-38	5.198198320994	0.023	0.002	1.64368030729263e-33	c17	IL21
1.06574395411631e-36	2.44912241159796	0.078	0.018	2.06445261351871e-32	c17	MIR155HG
1.22084617697349e-35	1.30490218657954	0.218	0.092	2.36490112941535e-31	c17	PRF1
2.62232912899944e-34	1.65562861932574	0.124	0.04	5.07971375578481e-30	c17	LAG3
5.35139327837771e-34	2.13894861449868	0.076	0.018	1.03661839195455e-29	c17	MAP3K8
5.39220264066757e-34	1.855477667777	0.099	0.028	1.04452357352372e-29	c17	SDCBP
3.87795676282488e-32	1.66060917437944	0.156	0.06	7.51199004526807e-28	c17	LOC101060038
1.41904210348215e-29	1.49319907137963	0.143	0.054	2.74882645865526e-25	c17	TIGIT
2.64057991970621e-24	1.25056290939199	0.146	0.061	5.1150673624629e-20	c17	ATF3
7.32993277662682e-24	5.30203241717811	0.021	0.003	1.41988127816038e-19	c17	CSF2
1.29056107309844e-23	3.25901952821802	0.02	0.002	2.49994585469898e-19	c17	ZBED2
7.62088555838123e-23	2.4186761942065	0.037	0.007	1.47624174151403e-18	c17	TNFRSF9
2.99211397911783e-22	1.91888683795306	0.063	0.018	5.79602398894915e-18	c17	RAB27A
9.09473291481509e-22	2.01041635594473	0.051	0.013	1.76174071292883e-17	c17	EVI2A
1.07269885341782e-21	0.591631220463286	0.588	0.428	2.07792494895565e-17	c17	H3F3B
1.58847150068964e-21	1.06447996414248	0.241	0.131	3.0770281439859e-17	c17	GZMK
2.68627498745166e-21	0.851092878563672	0.274	0.155	5.20358327819262e-17	c17	CD8A
7.67635201088675e-21	1.19616717496395	0.191	0.096	1.48698614802887e-16	c17	RGCC
1.68425033119221e-20	3.04380851609535	0.024	0.004	3.26256131655243e-16	c17	CXCL3
2.88617953293193e-20	1.07563659440337	0.167	0.079	5.59081837324245e-16	c17	CLEC2B
4.54729058533065e-20	2.3707634585718	0.032	0.006	8.80855659284399e-16	c17	CD160
1.23567876376282e-19	1.27746173256313	0.122	0.052	2.39363333328496e-15	c17	GNG2
2.14195959900745e-19	1.95450722132943	0.056	0.016	4.14918993923734e-15	c17	BCL2A1
1.54413888609516e-18	1.15705711727256	0.194	0.102	2.99115143625493e-14	c17	NR4A1
3.28930479064258e-18	2.60791467070565	0.023	0.004	6.37171230995375e-14	c17	TNFSF14
3.33498291028513e-18	2.41666619988189	0.037	0.008	6.46019539551332e-14	c17	IL1B
3.57052979225601e-18	1.84000844181722	0.054	0.016	6.91647326057912e-14	c17	PLEK
5.26084987236331e-18	0.82308943776085	0.259	0.151	1.0190792287755e-13	c17	CTSW
9.49021718929957e-18	1.88119310803625	0.046	0.013	1.83834997173922e-13	c17	NR4A3
1.18918234077912e-17	1.48577854766026	0.077	0.028	2.30356511232323e-13	c17	RNF19A
1.89733201707575e-17	1.35735495624139	0.101	0.042	3.67532185027743e-13	c17	APOBEC3G
3.35820368166163e-17	0.751212806228987	0.246	0.142	6.50517635174674e-13	c17	GZMH
5.95453717078e-17	0.571152392679967	0.546	0.416	1.15345339535179e-12	c17	ZFP36
1.09329346299877e-16	1.76703450421774	0.055	0.017	2.11781876717492e-12	c17	GBP2
5.8923270005567e-16	1.25541940661476	0.099	0.042	1.14140266327784e-11	c17	PTGER4
7.3289333441568e-16	2.27694143621528	0.028	0.006	1.41968767809661e-11	c17	TNIP3
7.55007195436841e-16	3.14515156365974	0.013	0.002	1.4625244382807e-11	c17	CCL2
9.24909603993377e-16	1.06213664126723	0.163	0.085	1.79164239389557e-11	c17	EGR1
9.6547212856398e-16	1.28836494210437	0.094	0.039	1.87021606024129e-11	c17	LOC100996809
1.09891871244617e-15	1.22981336042513	0.124	0.059	2.12871543787948e-11	c17	RHOB
2.87013312057315e-15	0.28493795263736	0.837	0.721	5.55973486786225e-11	c17	HLA-C
8.00705717640294e-15	1.2123694349192	0.13	0.065	1.55104704564101e-10	c17	PHLDA1
3.57394353942419e-14	0.479486006421953	0.405	0.284	6.92308603021859e-10	c17	CD74
4.83458069209199e-14	0.843808555116937	0.183	0.103	9.36506625865139e-10	c17	SUB1
1.18844074671069e-13	0.756685626072476	0.356	0.256	2.30212857045327e-09	c17	DUSP2
1.2725795814802e-13	1.66868231558298	0.049	0.016	2.46511390728529e-09	c17	FCGR3A
1.77466280474162e-13	1.1608478141541	0.094	0.042	3.437699319065e-09	c17	CMC1
2.3555739791151e-13	1.41929213324709	0.068	0.027	4.56298235494385e-09	c17	PDCD1
2.6910348598423e-13	0.54333411880561	0.367	0.256	5.21280362700053e-09	c17	HCST
3.12124411627193e-13	0.587295780651471	0.33	0.226	6.04616197763035e-09	c17	CD7
5.36821579999875e-13	1.26301259758388	0.079	0.034	1.03987708261776e-08	c17	KLRG1
6.01376180057952e-13	1.10889503828693	0.12	0.06	1.16492579839026e-08	c17	ID2
6.50343779578654e-13	2.7244004131865	0.016	0.003	1.25978093542181e-08	c17	VCAM1
6.78367600796584e-13	2.43593095997644	0.023	0.005	1.31406587950306e-08	c17	SH2D1B
1.78469249759414e-12	2.90348304068783	0.012	0.002	3.4571278370896e-08	c17	EGR3
1.89760922597084e-12	0.309526975833465	0.739	0.642	3.67585883162812e-08	c17	HLA-A
2.12962168471571e-12	0.724486701355484	0.45	0.347	4.12529016546281e-08	c17	GAPDH
4.34365486570311e-12	1.74088853597507	0.046	0.016	8.41409384035349e-08	c17	PRNP
4.74553113663185e-12	1.97625448890209	0.029	0.008	9.19256836476955e-08	c17	CD68
7.78923920663028e-12	1.47288787724793	0.054	0.02	1.50885352671635e-07	c17	NAMPT
1.62666645999667e-11	1.43303201351493	0.057	0.022	3.15101559965956e-07	c17	SPRY1
1.63170597544887e-11	1.69268631233638	0.039	0.013	3.160777645042e-07	c17	GLUD1
2.6071491330322e-11	2.59621995268869	0.017	0.003	5.05030858559668e-07	c17	SPI1
3.75239365058943e-11	1.74003106490026	0.034	0.01	7.26876174055679e-07	c17	TARP
4.96865505499311e-11	1.14886804207449	0.085	0.04	9.62478170702716e-07	c17	PGAM1
6.38563358430296e-11	0.655140346971395	0.332	0.242	1.23696108161533e-06	c17	NFKBIA
6.81194141045339e-11	2.99221195928217	0.011	0.002	1.31954117061893e-06	c17	LILRB2
8.80078464431421e-11	0.791322365052363	0.155	0.09	1.70479999345011e-06	c17	MCL1
1.06508297033843e-10	3.09190954238276	0.026	0.007	2.06317222184256e-06	c17	CXCL2
1.17266772311814e-10	1.23570819037734	0.078	0.036	2.27157464645214e-06	c17	MYADM
1.62295394810865e-10	2.02901392277169	0.021	0.005	3.14382409288127e-06	c17	NLRP3
1.72618656616811e-10	0.929456708582173	0.11	0.058	3.34379599732424e-06	c17	CTSC
2.57007794769786e-10	2.45097083599033	0.012	0.002	4.97849799248552e-06	c17	LINC01272
2.96469230050971e-10	2.06143540046407	0.03	0.009	5.74290545531735e-06	c17	MS4A7
3.10790251438825e-10	1.0684882058367	0.087	0.042	6.02031796062147e-06	c17	HLA-DRB4
3.50901531526849e-10	1.29779679881382	0.061	0.026	6.7973135672066e-06	c17	ANKRD28
8.30087711565449e-10	0.581345690305501	0.206	0.132	1.60796290607343e-05	c17	ALOX5AP
9.07772018272866e-10	1.50822777918479	0.062	0.027	1.75844517659637e-05	c17	IER3
1.05459339535161e-09	1.29467379801231	0.052	0.021	2.04285286613559e-05	c17	PTMS
1.43815149998658e-09	2.56048843937478	0.022	0.006	2.78584327062401e-05	c17	G0S2
2.05668202348357e-09	1.74816177088725	0.028	0.009	3.98399874769003e-05	c17	HAVCR2
2.18104125349867e-09	1.4915071324146	0.041	0.015	4.22489501215226e-05	c17	ZEB2
2.6146227684703e-09	0.615610755113303	0.206	0.135	5.06478576480382e-05	c17	RHOA
2.64487638825312e-09	1.38741797257685	0.029	0.009	5.12339005168511e-05	c17	C1QA
2.96110339253749e-09	0.616465975518547	0.224	0.151	5.73595338168437e-05	c17	PNRC1
4.80243113614696e-09	1.09577997470213	0.109	0.061	9.30278935383027e-05	c17	TYROBP
5.84580979940755e-09	1.26298297862536	0.06	0.027	0.000113239181624324	c17	BHLHE40
6.59617926961434e-09	1.103488729539	0.07	0.033	0.000127774588631699	c17	KLRK1
6.67916283317885e-09	1.59209566646125	0.062	0.029	0.000129382063241508	c17	FCER1G
8.08752657082032e-09	0.928170107557932	0.096	0.052	0.00015666347720336	c17	SH2D2A
8.51639902699312e-09	1.94224604525404	0.021	0.006	0.000164971165551884	c17	FAM3C
1.30978372412805e-08	0.133049905320205	0.973	0.949	0.000253718205200845	c17	B2M
1.34430261941682e-08	0.560710277082452	0.228	0.156	0.000260404860407232	c17	CLIC1
1.47691507344458e-08	0.756633487723823	0.184	0.121	0.00028609321887695	c17	GADD45B
1.50363865277316e-08	0.582727405478496	0.191	0.125	0.000291269843428689	c17	FOSB
1.93773673015176e-08	2.47877568561234	0.03	0.01	0.000375358981997698	c17	CXCL8
1.957911641938e-08	0.534810691508522	0.29	0.212	0.000379267064159809	c17	TNFAIP3
2.82429356049176e-08	0.488535938667135	0.249	0.174	0.00054709390560286	c17	PPP1R15A
3.50933407857745e-08	2.11620560622763	0.016	0.004	0.000679793104361239	c17	WARS
3.60440924224863e-08	0.421625475706506	0.321	0.237	0.000698210114315981	c17	MYL6
4.58953419381727e-08	1.08980714474074	0.059	0.027	0.000889038668684344	c17	GLUL
6.28207693043872e-08	2.63951151559999	0.01	0.002	0.00121690112219528	c17	LILRB1
6.34914883845702e-08	1.64568528322019	0.027	0.009	0.00122989362149751	c17	EOMES
7.03842098243296e-08	2.14449114019163	0.015	0.003	0.00136341252850709	c17	CSF1R
8.11220066259115e-08	2.32407541180637	0.012	0.003	0.00157141439035053	c17	LYVE1
8.77984903316244e-08	1.56007811797356	0.027	0.009	0.0017007445562139	c17	C1QC
1.04635132917309e-07	0.711611759107543	0.206	0.144	0.00202688715974119	c17	ANXA1
1.95337976536114e-07	0.822758928333123	0.095	0.054	0.00378389194348107	c17	CXCL13
1.9700279898194e-07	1.33208299040774	0.049	0.022	0.00381614121907915	c17	FABP5
2.24554565984786e-07	2.15040903028635	0.013	0.003	0.0043498464976913	c17	CD200
3.74943885335083e-07	0.779130884589205	0.104	0.061	0.00726303800282589	c17	RHOH
3.86468459434933e-07	0.558399911698876	0.212	0.15	0.00748628052771408	c17	SRSF7
6.79837326248577e-07	0.90507958188932	0.08	0.045	0.0131691288467612	c17	LCP2
7.26643282529254e-07	1.48079364283738	0.028	0.01	0.0140758070258742	c17	SLC7A5
7.85313398216087e-07	0.859250732298462	0.085	0.048	0.0152123058368438	c17	CSRNP1
9.62909657831792e-07	0.403558649359371	0.317	0.242	0.0186525229818596	c17	UBB
9.76234190352054e-07	2.29508878292554	0.011	0.002	0.0189106325013096	c17	KIR2DS5
1.02242226717837e-06	2.57096353453276	0.012	0.003	0.0198053417375122	c17	MS4A4A
1.04793841064966e-06	0.904141955995424	0.082	0.046	0.0202996149526946	c17	HSPA5
1.12118824916563e-06	1.00714553335081	0.056	0.028	0.0217185375745874	c17	KLRC1
1.15929921427973e-06	1.89842981296155	0.015	0.004	0.0224567850798126	c17	FOLR2
1.26209308414898e-06	1.06076880221357	0.052	0.026	0.0244480051330499	c17	ANXA5
1.33031124544592e-06	0.721348349579424	0.121	0.076	0.025769459135533	c17	CLDND1
1.35432976380243e-06	1.01262861200728	0.056	0.028	0.0262347218546169	c17	RBPJ
1.51044445785894e-06	1.24071096980508	0.024	0.009	0.0292588195931855	c17	C1QB
1.60528247211004e-06	1.56592543248773	0.026	0.009	0.0310959267672435	c17	LOC102724850
2.31165082200827e-06	1.35841889915266	0.032	0.013	0.0447789880731222	c17	KLRF1
2.32073805434889e-06	1.46958651415768	0.022	0.008	0.0449550168507923	c17	SEPP1
