p_val	avg_log2FC	pct.1	pct.2	p_val_adj	cluster	gene
0	1.76193012493676	0.859	0.114	0	c13	RN7SK
0	1.07284859982098	0.793	0.441	0	c13	RPS5
0	1.18074021007238	0.923	0.597	0	c13	RPS8
0	1.04526026045095	0.828	0.503	0	c13	RPS6
0	0.932809682909677	0.876	0.561	0	c13	RPS13
0	0.982407735425459	0.932	0.634	0	c13	RPS3A
0	0.907608893480859	0.879	0.595	0	c13	RPL37
0	1.03775797895196	0.943	0.671	0	c13	RPS23
0	0.826260689903543	0.951	0.706	0	c13	RPL18A
0	0.844944464952218	0.966	0.742	0	c13	RPL34
0	0.851227888049854	0.951	0.731	0	c13	RPS18
0	0.854967605757036	0.979	0.76	0	c13	RPL11
0	0.784596315440781	0.967	0.752	0	c13	RPL19
0	0.747193559905074	0.953	0.74	0	c13	RPS27A
0	0.904230612140902	0.987	0.785	0	c13	RPL32
0	3.66755754173277	0.182	0.016	0	c13	CD79A
0	0.749969852928003	0.982	0.817	0	c13	RPL30
0	0.744551698627908	0.983	0.827	0	c13	RPL39
0	0.793752390612535	0.987	0.832	0	c13	RPL13
0	0.801828378434018	0.991	0.847	0	c13	RPS12
0	3.14658771210866	0.157	0.018	0	c13	MS4A1
0	0.785792215810978	0.98	0.861	0	c13	EEF1A1
0	0.641526771395089	0.992	0.887	0	c13	RPL10
5.39854414103733e-306	0.86194631566304	0.871	0.576	1.04575198556034e-301	c13	RPL29
1.20508796819664e-294	1.05803201554681	0.708	0.386	2.3343759031937e-290	c13	RPL9
4.47226081375047e-288	0.852384786222611	0.848	0.547	8.66321642231603e-284	c13	RPL18
6.4167171696341e-288	0.862332987273805	0.849	0.56	1.24298228292982e-283	c13	RPL3
2.21644842202752e-286	0.817783920083115	0.865	0.582	4.29348223830951e-282	c13	RPS25
1.90182412973107e-282	1.16468383217642	0.604	0.292	3.68402352170205e-278	c13	EEF1B2
3.96578335963353e-281	0.633704516085867	0.987	0.883	7.68211894594612e-277	c13	RPLP1
1.81640248989034e-280	0.772355179376997	0.899	0.66	3.51855326316658e-276	c13	RPS14
2.89840971536937e-271	0.578038391943801	0.978	0.843	5.61450945964201e-267	c13	RPS15A
3.01702375617746e-269	0.846613747641781	0.835	0.545	5.84427671809135e-265	c13	RPL8
5.03333650560105e-267	0.77031717966877	0.876	0.602	9.7500761449998e-263	c13	RPL35A
8.37666485833235e-266	0.70705955100932	0.917	0.673	1.62264374970756e-261	c13	RPS21
1.68410639938677e-263	0.696082680516495	0.922	0.716	3.26228250625212e-259	c13	RPS4X
2.10757122457406e-262	3.72707363131343	0.05	0.004	4.08257621912242e-258	c13	VPREB3
1.19597370658445e-261	0.897774691388438	0.772	0.468	2.31672066702474e-257	c13	RPL5
5.40195071979982e-259	3.52414779500489	0.055	0.005	1.04641187393242e-254	c13	LINC00926
8.4523550633827e-258	0.886224803843474	0.78	0.472	1.63730569932786e-253	c13	RPLP0
2.91123774802791e-254	0.755331704425481	0.885	0.629	5.63935864170485e-250	c13	RPL12
1.1517033645205e-240	0.7434132699911	0.88	0.609	2.23096458741265e-236	c13	RPL36
1.06653195396478e-229	0.437090554981444	0.997	0.945	2.06597904802518e-225	c13	RPL41
2.67250693368974e-224	0.458955181744815	0.995	0.922	5.17691318125039e-220	c13	RPS27
4.95899756472574e-223	1.01306945688443	0.628	0.348	9.60607418263022e-219	c13	RPSA
1.25183274753024e-215	0.975275504803459	0.614	0.33	2.42492521524083e-211	c13	RPL22
2.7190663111232e-211	0.580340245866349	0.945	0.768	5.26710335127674e-207	c13	RPS3
5.4203639266886e-207	0.966955235660481	0.608	0.334	1.04997869623885e-202	c13	RPL10A
2.86274901150807e-189	3.28034336145425	0.049	0.005	5.54543111019227e-185	c13	BANK1
3.94959449645836e-185	0.721791344219416	0.825	0.607	7.65075949908948e-181	c13	TPT1
5.53424743942093e-185	3.64439741188387	0.038	0.003	1.07203907149023e-180	c13	LOC101927412
5.92370119142652e-184	0.777123708621662	0.738	0.487	1.14748015779123e-179	c13	RPLP2
1.13799984277932e-183	0.711434146511495	0.783	0.533	2.20441949544782e-179	c13	RPL14
1.52555885034014e-181	0.570901516706692	0.897	0.696	2.95516004899389e-177	c13	RPS15
1.664536266026e-180	3.02564095923944	0.058	0.007	3.22437320091896e-176	c13	CD79B
1.24110336516651e-174	1.11794529533509	0.42	0.198	2.40414132866404e-170	c13	EEF1G
1.22472908800782e-173	0.596609957955085	0.861	0.65	2.37242271637995e-169	c13	RPL26
2.79090295491102e-173	0.815516142273087	0.67	0.418	5.40625811395814e-169	c13	RPL23A
6.70599047033719e-172	0.894513856493842	0.584	0.332	1.29901741400902e-167	c13	RPS16
2.6310279869004e-171	1.04374196026395	0.404	0.186	5.09656431342477e-167	c13	LTB
4.44313031095609e-167	1.48156438523807	0.299	0.123	8.60678772535304e-163	c13	CD37
1.74151389859314e-163	1.00470114620941	0.464	0.236	3.37348657296477e-159	c13	RPL4
8.34741624390585e-159	0.627992863223283	0.801	0.58	1.616978000607e-154	c13	RPL7A
2.51296602880165e-158	0.76455122490059	0.659	0.408	4.86786649439167e-154	c13	RPS9
1.05667100574679e-149	0.41545675186137	0.985	0.867	2.0468774052321e-145	c13	RPL28
1.79944440234533e-148	0.574023739497872	0.828	0.602	3.48570375178313e-144	c13	FAU
2.24387599976468e-148	0.803605415093577	0.593	0.353	4.34661219914417e-144	c13	GNB2L1
7.51516841857553e-148	0.498242047095789	0.94	0.776	1.45576327436227e-143	c13	RPS19
6.13153553993573e-146	0.584093685246296	0.82	0.605	1.18773974944095e-141	c13	RPS7
7.02084063829708e-133	0.703329472741689	0.649	0.424	1.36000704004453e-128	c13	RPL15
3.78585696191667e-131	0.882164235433939	0.508	0.297	7.33358352092879e-127	c13	RPL21
9.38853550437911e-131	1.03340344704723	0.372	0.185	1.81865321255328e-126	c13	EEF2
1.67757943720168e-129	2.71209952757514	0.05	0.007	3.24963912780338e-125	c13	NAPSB
6.86813356039389e-122	0.602644489452637	0.733	0.516	1.3304261519839e-117	c13	RPL6
3.13709470942278e-120	1.7640902598585	0.117	0.033	6.07686616162287e-116	c13	HLA-DQB1
2.88296574287784e-106	3.35093970738473	0.026	0.003	5.58459294052866e-102	c13	BLK
9.94494163122503e-105	0.658282735536128	0.605	0.402	1.9264346433846e-100	c13	RPL24
9.8182057291978e-104	0.686647561127973	0.563	0.362	1.90188463180291e-99	c13	NACA
6.15697577967224e-103	0.73429340944486	0.514	0.319	1.19266777828031e-98	c13	RPL37A
1.02569719673591e-100	2.86172141661903	0.037	0.005	1.98687803979713e-96	c13	SMIM14
2.12944841272049e-98	0.530975275065925	0.754	0.568	4.12495452028086e-94	c13	RPS29
3.38977605167678e-95	2.82817447457673	0.035	0.005	6.56633518970309e-91	c13	RALGPS2
3.03624004747256e-91	3.52077991872887	0.02	0.002	5.88150059595909e-87	c13	CD19
1.57889464972157e-89	1.01678671489255	0.299	0.156	3.05847682597565e-85	c13	RPL13A
1.66177562308428e-89	0.586091720840301	0.612	0.423	3.21902555947656e-85	c13	RPL35
7.05604081397431e-87	2.9611571500451	0.029	0.004	1.36682566607496e-82	c13	ARHGAP24
1.08729297853969e-79	3.09819332113312	0.024	0.003	2.10619522872924e-75	c13	ADAM28
4.36550013652609e-78	0.725947472432811	0.42	0.259	8.45641031446468e-74	c13	RPL38
1.42171854792007e-76	2.88568366484213	0.023	0.003	2.75401099917597e-72	c13	CD24
7.22133210766305e-75	0.641992711102257	0.475	0.308	1.39884424257541e-70	c13	RPS2
1.65480702052702e-73	0.90482687231678	0.278	0.149	3.20552667946289e-69	c13	LRRC75A-AS1
2.88264407608378e-70	1.31446229606297	0.134	0.054	5.58396983978189e-66	c13	GAS5
3.51182325589441e-70	0.809472535983646	0.327	0.19	6.80275282899306e-66	c13	PABPC1
1.2098588605328e-68	3.44937580087548	0.015	0.001	2.34361759873808e-64	c13	FCER2
2.15154957180487e-68	1.5902237507604	0.026	0.004	4.16776667554322e-64	c13	IGLL5
4.10788817092094e-68	1.77966988394121	0.372	0.283	7.95739017589095e-64	c13	CD74
1.25777644818157e-65	3.69295216951429	0.013	0.001	2.43643875777252e-61	c13	LOC100507616
5.21900815669655e-63	0.873329324493336	0.27	0.152	1.01097407003369e-58	c13	RPS11
3.40940942833606e-61	2.98326181429233	0.02	0.003	6.60436700362978e-57	c13	SPIB
1.37873814370634e-59	2.16407207837682	0.034	0.007	2.67075365817356e-55	c13	IRF8
4.93418420917976e-58	0.61002941930409	0.425	0.283	9.55800823160212e-54	c13	UBA52
8.17414108276479e-57	0.614575940269718	0.418	0.279	1.58341286914237e-52	c13	RPL27
1.8905798133501e-54	2.35562106191731	0.02	0.003	3.66224215644048e-50	c13	TCL1A
2.21848926887025e-52	1.02569554715949	0.031	0.006	4.29743556272857e-48	c13	IGJ
1.4587725858014e-51	0.877600752511038	0.216	0.119	2.82578837595589e-47	c13	RPL7
7.16317327911198e-51	3.13768531195278	0.015	0.002	1.38757829589678e-46	c13	FCRLA
1.07053171279792e-50	0.779875855881311	0.264	0.157	2.07372698086086e-46	c13	NPM1
1.20626953207242e-50	1.06335092786039	0.147	0.071	2.33666471057748e-46	c13	GLTSCR2
7.74201419683074e-50	0.89054639887232	0.015	0.002	1.49970557006808e-45	c13	LOC100293211
8.4472762594412e-49	1.21901391089761	0.111	0.048	1.63632188421636e-44	c13	SELL
1.74703810230725e-46	0.701278204589693	0.278	0.171	3.38418750797937e-42	c13	RPL31
6.59326225055965e-46	1.37624060307511	0.081	0.031	1.27718083055591e-41	c13	CD83
2.08402130823506e-45	2.72854772466829	0.018	0.003	4.03695767618213e-41	c13	MARCH1
3.14544410321513e-45	1.34024027599642	0.09	0.037	6.09303977233802e-41	c13	FAIM3
7.50483981978838e-45	3.31845944136118	0.012	0.001	1.45376252149121e-40	c13	TNFRSF13B
8.13735946568195e-43	0.325552422788917	0.738	0.618	1.57628790209725e-38	c13	RPS24
1.34684575046172e-40	1.01836807352503	0.128	0.063	2.6089749032194e-36	c13	EIF3E
1.10741487068716e-39	0.811263999043298	0.193	0.111	2.1451733460081e-35	c13	LDHB
2.37749169046534e-39	2.23825254978681	0.025	0.005	4.60543915360041e-35	c13	MEF2C
7.14732093882672e-38	0.519129149774455	0.375	0.263	1.38450753906012e-33	c13	PFDN5
2.08596353347638e-36	1.38499727388622	0.063	0.024	4.04071996069709e-32	c13	CCR7
3.95396198879861e-36	0.466796917810126	0.429	0.315	7.65921976850179e-32	c13	EEF1D
2.64337599103209e-35	2.71921657078224	0.014	0.002	5.12048363222826e-31	c13	LY86
5.80418684822515e-35	2.72268418604091	0.014	0.002	1.12432903436969e-30	c13	LOC101929219
1.25194100553924e-34	3.08187101583119	0.01	0.001	2.42513492183007e-30	c13	SCIMP
2.10419621362161e-34	0.627273959296637	0.26	0.169	4.07603848540642e-30	c13	RPL27A
6.29091289068355e-34	2.83864509107757	0.012	0.002	1.21861273605431e-29	c13	POU2AF1
6.95775889605833e-32	2.75819525865756	0.012	0.002	1.34778747575546e-27	c13	FAM129C
8.11953014511998e-32	0.554237628540255	0.292	0.199	1.57283418441119e-27	c13	TOMM7
1.072083360859e-31	2.62003100897856	0.014	0.002	2.07673267831996e-27	c13	HVCN1
1.86227710329132e-30	2.69319742154053	0.013	0.002	3.60741697678561e-26	c13	STAG3
4.34390204674681e-30	1.07007311982672	0.087	0.042	8.41457265475325e-26	c13	NOSIP
9.60702228712129e-30	1.43819868563527	0.042	0.015	1.86097628723827e-25	c13	MYC
3.29182315375691e-29	1.08670596929261	0.095	0.048	6.37659063114252e-25	c13	RPS20
6.31426705902465e-26	2.15422186005587	0.017	0.004	1.22313667200366e-21	c13	TCF4
8.22199122202578e-24	2.57668093383951	0.011	0.002	1.59268191961861e-19	c13	TSPAN3
8.39910049681772e-24	2.24348919815296	0.013	0.003	1.62698975723856e-19	c13	LOC102725018
3.1185053544809e-23	0.70931382520736	0.149	0.092	6.04085672216495e-19	c13	SLC25A6
3.72178805236849e-23	0.411817893222206	0.356	0.269	7.20947563624299e-19	c13	CD52
1.85663231140877e-22	2.3830969069275	0.012	0.002	3.59648245042992e-18	c13	CXCR5
1.16165001858788e-18	0.920312694117742	0.071	0.038	2.25023225100659e-14	c13	EIF3L
8.18857300125796e-18	1.20425762851014	0.04	0.017	1.58620847607368e-13	c13	TMEM243
1.11139227191422e-17	1.13035908379171	0.045	0.021	2.15287796992504e-13	c13	EIF2S3
5.82631389558044e-17	1.2060909527627	0.037	0.016	1.12861526471289e-12	c13	MAL
1.00009072240972e-16	0.416382902840611	0.265	0.199	1.93727573837987e-12	c13	BTF3
1.32280939991505e-16	0.433835484473357	0.24	0.177	2.56241408857544e-12	c13	COX4I1
5.78205685904186e-16	2.25248978744358	0.01	0.002	1.120042234165e-11	c13	PDLIM1
6.71734948441861e-16	2.24377257034247	0.01	0.002	1.30121776862673e-11	c13	SWAP70
1.6191815636513e-15	0.423244055185771	0.231	0.171	3.13651660694893e-11	c13	HINT1
5.37364875135899e-14	0.487687432543913	0.162	0.115	1.04092949962575e-09	c13	ZFAS1
5.82418412728829e-14	0.574551582812103	0.125	0.084	1.12820270729702e-09	c13	SNHG6
1.17829418080105e-13	0.375559412838078	0.291	0.231	2.28247365762972e-09	c13	RPL36A
1.18721787264492e-13	0.492689877122299	0.169	0.121	2.29975974110048e-09	c13	RPL17
1.07539135949608e-12	1.87981904277891	0.011	0.003	2.08314060247985e-08	c13	ST6GAL1
1.8938512690811e-11	1.65105051931141	0.013	0.004	3.668579293337e-07	c13	IFT57
3.32951150699201e-11	0.538979426859038	0.114	0.078	6.44959674019422e-07	c13	RPL23
3.77726296572286e-11	1.85308082329659	0.01	0.003	7.31693609090175e-07	c13	ADTRP
2.14541062386599e-10	0.988160613705169	0.034	0.017	4.15587491949081e-06	c13	LEF1
4.86451456112778e-10	1.6341638546101	0.012	0.004	9.42305115636062e-06	c13	RIC3
5.81218074852029e-10	0.524420078678601	0.105	0.073	1.12587753279587e-05	c13	EIF3F
8.17419910824219e-10	0.401268418162049	0.198	0.155	1.58342410925759e-05	c13	LAPTM5
1.66508132967671e-09	0.879130651955457	0.038	0.021	3.22542904371676e-05	c13	FOXP1
1.41703987581658e-08	0.28411385600655	0.272	0.226	0.000274494794344431	c13	HNRNPA1
1.67282725560977e-08	0.775414329706264	0.042	0.025	0.00032404336768417	c13	RPS4Y1
1.70462271273138e-08	1.40379911071855	0.013	0.005	0.000330202465683196	c13	ARHGEF18
2.13315849281625e-08	0.887153552937587	0.03	0.016	0.000413214131643435	c13	PASK
2.59955503567775e-08	0.264467491206403	0.295	0.247	0.000503559805961136	c13	TXNIP
2.76672954442981e-08	1.25187989733055	0.016	0.007	0.000535943180051498	c13	SNX2
2.85072185272646e-08	0.797685290291726	0.038	0.022	0.000552213330091642	c13	FAM65B
2.98926808562384e-08	0.931558143642839	0.03	0.016	0.000579051120866195	c13	TCF7
2.99584786780455e-08	0.849150657089243	0.038	0.022	0.000580325690472419	c13	HLA-DMA
3.5855314566133e-08	0.582050703383753	0.071	0.048	0.000694553298460562	c13	EIF3H
3.64582309249989e-08	1.3052128909965	0.014	0.006	0.000706232391248154	c13	POU2F2
4.55903536656709e-08	0.663535175326491	0.054	0.034	0.000883130740857712	c13	BIRC3
6.02622277100237e-08	0.581928409000258	0.068	0.046	0.00116733961297087	c13	EIF4B
8.86015442680501e-08	0.674246340264578	0.05	0.031	0.0017163005140164	c13	TMEM123
1.78855294208598e-07	0.244423600737868	0.314	0.269	0.00346460590411476	c13	SARAF
1.88130968047546e-07	0.50502116089735	0.082	0.057	0.00364428498204902	c13	ERP29
1.9465995197337e-07	0.875129097670032	0.029	0.016	0.00377075792967616	c13	SYPL1
1.99412853059091e-07	0.63110835085296	0.053	0.034	0.00386282637660765	c13	RNASET2
4.00574915971424e-07	0.703312369385493	0.044	0.027	0.00775953669728245	c13	PRKCQ-AS1
4.55191401043766e-07	0.199843584064826	0.321	0.275	0.0088175126296188	c13	IL7R
5.10662559232793e-07	0.300209499795515	0.192	0.155	0.00989204443489844	c13	COMMD6
5.64454089109779e-07	0.678124914602666	0.043	0.027	0.0109340401601455	c13	TNFAIP8
1.13245932751412e-06	1.35358766476478	0.011	0.004	0.0219368696332759	c13	TAF4B
1.24752217945567e-06	0.636791775638467	0.047	0.03	0.0241657521382358	c13	SYNGR2
2.14142734018003e-06	0.355655550987269	0.13	0.102	0.0414815890066274	c13	SNHG8
