p_val	avg_log2FC	pct.1	pct.2	p_val_adj	cluster	gene
0	1.80391488227249	0.417	0.14	0	g7	LTB
0	0.772240302439715	0.79	0.531	0	g7	RPS13
0	0.881550984148835	0.827	0.574	0	g7	RPS8
0	0.686173893636778	0.753	0.52	0	g7	RPL8
0	0.667068067944284	0.823	0.591	0	g7	RPL36
0	0.698113796030717	0.851	0.624	0	g7	RPS3A
0	0.662063649241561	0.789	0.564	0	g7	RPL29
0	0.692350297131693	0.81	0.587	0	g7	RPL37
0	0.637288821788386	0.835	0.615	0	g7	RPL12
0	0.800263063569503	0.795	0.596	0	g7	TPT1
0	0.618452039470783	0.9	0.701	0	g7	RPL18A
0	0.71810270164175	0.953	0.758	0	g7	RPL11
0	0.576765028920337	0.862	0.672	0	g7	RPS23
0	0.690593707245089	0.926	0.74	0	g7	RPL34
0	0.691610293993306	0.959	0.784	0	g7	RPL32
0	0.590770626017443	0.9	0.726	0	g7	RPS4X
0	0.592980686200731	0.931	0.761	0	g7	RPL19
0	0.542469148284517	0.96	0.829	0	g7	RPL30
0	0.600137543371198	0.966	0.838	0	g7	RPL13
0	0.549116801454158	0.952	0.832	0	g7	RPL39
0	0.535233670384688	0.972	0.862	0	g7	RPS12
0	0.455894411688155	0.978	0.883	0	g7	RPL28
0	0.712241877583315	0.969	0.875	0	g7	EEF1A1
0	0.668532472454909	0.982	0.893	0	g7	RPLP1
0	0.525194581513662	0.987	0.909	0	g7	RPL10
0	0.368932103610923	0.998	0.968	0	g7	RPL41
2.94847004213507e-304	0.524079265846131	0.904	0.753	5.71148131861985e-300	g7	RPS27A
1.36897202307881e-298	0.792251780777122	0.667	0.444	2.65183570590597e-294	g7	RPLP0
6.56903620894839e-292	0.643274781359251	0.754	0.529	1.27248800403539e-287	g7	RPL18
1.93050048935346e-278	0.552535259829906	0.882	0.734	3.73957249792658e-274	g7	RPS18
2.10033741123555e-278	0.699999177406765	0.7	0.487	4.06856359930438e-274	g7	RPS6
4.02222731411393e-276	0.402057809501555	0.967	0.87	7.7914565301701e-272	g7	RPS15A
1.69144249300323e-265	0.572264087327514	0.794	0.598	3.27649325319655e-261	g7	RPL35A
1.84217062367378e-264	0.788493759286846	0.575	0.352	3.56846871511848e-260	g7	RPL9
6.48042676670975e-262	0.588459247968728	0.782	0.576	1.25532346897935e-257	g7	RPS25
3.72930034919875e-250	0.678912448306187	0.664	0.447	7.22402770643291e-246	g7	RPL5
1.92125133380234e-246	0.827959189430226	0.508	0.297	3.72165595870852e-242	g7	RPL22
1.19755963511381e-240	0.495611813882485	0.852	0.671	2.31979276917896e-236	g7	RPS21
2.32913043604656e-217	0.67239765296194	0.615	0.414	4.51175856766578e-213	g7	RPS5
1.20171564727395e-211	0.5710853730701	0.719	0.528	2.32784338033438e-207	g7	RPL14
2.88595670570431e-208	1.26098466723925	0.23	0.099	5.59038673461982e-204	g7	LDHB
9.5931451309193e-193	0.706969150037029	0.527	0.338	1.85828814331038e-188	g7	GNB2L1
1.29494517828098e-189	0.413356150791001	0.858	0.706	2.50843830484808e-185	g7	RPS15
2.1423475184405e-185	0.517534337379288	0.735	0.553	4.1499413779711e-181	g7	RPL3
3.10176734255214e-184	0.781030520028567	0.43	0.251	6.00843351925774e-180	g7	IL7R
9.57525477173012e-179	0.456332424610496	0.822	0.669	1.85482260183184e-174	g7	RPS14
1.23667762311292e-174	0.275255070898964	0.996	0.948	2.39556822373204e-170	g7	RPS27
4.38666214959902e-170	0.916957199911337	0.314	0.167	8.49740324998826e-166	g7	EEF1G
8.92949514006579e-169	0.395307477004444	0.91	0.793	1.72973250358214e-164	g7	RPS19
6.54845429976706e-162	0.682748688990888	0.508	0.338	1.26850108240788e-157	g7	RPSA
1.33474615038744e-160	0.522096118933118	0.682	0.519	2.5855367679155e-156	g7	RPL6
4.92057683100096e-159	0.409715241781827	0.818	0.666	9.53164937933195e-155	g7	RPL26
7.50785972235451e-158	0.673073238906107	0.486	0.316	1.45434750681729e-153	g7	RPL10A
3.25986946360626e-152	0.736105337130188	0.418	0.259	6.31469313795168e-148	g7	EEF1B2
6.44748816261923e-152	0.346982406244226	0.912	0.789	1.24894293198097e-147	g7	RPS3
1.0209430878513e-149	0.813841904534819	0.357	0.21	1.97766885547676e-145	g7	RPL4
1.39104723287474e-148	0.913735632319013	0.296	0.162	2.69459759480166e-144	g7	EEF2
7.42951836371196e-144	0.654651567737272	0.477	0.317	1.43917200223464e-139	g7	RPS16
9.30860067706152e-143	0.560259383401643	0.564	0.397	1.80316903715359e-138	g7	RPL24
1.23409835899617e-139	0.505509101617789	0.643	0.482	2.39057193121148e-135	g7	RPLP2
9.77932815504501e-137	0.403315558223726	0.767	0.616	1.89435365691377e-132	g7	RPS7
5.87662259143297e-132	0.540935439188566	0.548	0.383	1.13836056218648e-127	g7	RPS9
1.03734805827525e-116	0.383408580937845	0.74	0.593	2.00944692368499e-112	g7	RPL7A
3.89136545336042e-115	0.406809812129974	0.721	0.582	7.53796401970447e-111	g7	RPS29
7.55503291217471e-115	0.371843330033819	0.752	0.608	1.46348542541736e-110	g7	FAU
2.78079677401366e-112	2.12267459806362	0.045	0.011	5.38668143094187e-108	g7	MAL
1.02305978170195e-101	0.517474347149363	0.492	0.352	1.98176910313484e-97	g7	NACA
1.33632864896049e-98	0.449586450693918	0.57	0.429	2.58860222590137e-94	g7	RPL15
2.19824040406597e-98	1.76528188761613	0.057	0.017	4.25821148671619e-94	g7	AQP3
2.08307394015732e-95	0.733365405582926	0.282	0.172	4.03512252947874e-91	g7	HINT1
6.63457624968546e-93	0.523077517761791	0.454	0.322	1.28518376532657e-88	g7	EEF1D
2.4054091747469e-92	1.46972380570384	0.074	0.027	4.65951811240221e-88	g7	CD40LG
9.76551668845296e-88	0.718141619794995	0.284	0.178	1.89167823772022e-83	g7	KLRB1
7.48592228985253e-85	0.592991066041572	0.38	0.263	1.45009800676733e-80	g7	SARAF
6.05924732422272e-81	0.52741131832113	0.414	0.294	1.17373679917518e-76	g7	RPL21
2.10447231725881e-77	1.88791836599496	0.039	0.011	4.07657332576205e-73	g7	LEF1
4.05480499129254e-77	0.523235731852556	0.404	0.289	7.85456274863278e-73	g7	RPS2
3.79392037896511e-75	1.24746928485573	0.084	0.035	7.34920316609331e-71	g7	FLT3LG
3.22478139476446e-73	1.82830994293397	0.04	0.011	6.24672403979823e-69	g7	CCR6
4.57770663683349e-67	0.354022933519594	0.553	0.435	8.86747552621016e-63	g7	S100A4
3.45207320997178e-66	0.314382610743971	0.789	0.719	6.68701101503634e-62	g7	TMSB10
1.4272827345925e-65	0.831727410357372	0.146	0.08	2.76478938517913e-61	g7	BATF
1.68580912702572e-65	0.369735613859647	0.54	0.424	3.26558085996153e-61	g7	RPL35
1.16772261757062e-64	0.517117530766255	0.353	0.251	2.26199548249605e-60	g7	RPL38
1.80327106361992e-64	1.071410421399	0.098	0.047	3.49311637733815e-60	g7	CORO1B
1.99920788488487e-63	0.856311873547852	0.149	0.083	3.87266559381048e-59	g7	FYB
8.78873535436822e-61	0.274352349276433	0.739	0.635	1.70246592549467e-56	g7	RPS24
9.04370010759869e-61	0.458049407351675	0.386	0.283	1.75185514784294e-56	g7	UBA52
1.63891097958116e-60	0.653867555756841	0.245	0.161	3.17473445854667e-56	g7	PABPC1
5.57471526173657e-59	0.974116361158199	0.108	0.055	1.07987809335099e-54	g7	EIF3E
1.30067353406522e-58	1.22837549021441	0.07	0.03	2.51953470283773e-54	g7	NOSIP
4.42181968918578e-57	0.348241102131721	0.539	0.433	8.56550691992177e-53	g7	RPL23A
1.5720808527128e-55	1.68548725337638	0.037	0.012	3.04527781978997e-51	g7	PASK
5.44048775550745e-55	0.704815650236507	0.181	0.112	1.05387688311935e-50	g7	RPL7
2.95886948713254e-53	0.64833427319424	0.205	0.132	5.73162608352444e-49	g7	LRRC75A-AS1
1.06125895970002e-52	0.658784566399107	0.078	0.037	2.0557647308349e-48	g7	TNFRSF4
1.43851396190926e-51	0.593206718498965	0.231	0.155	2.78654539561443e-47	g7	NPM1
3.93546566431868e-51	1.0806042794823	0.077	0.037	7.62339053835172e-47	g7	SELL
3.19797894220163e-50	1.22134900258375	0.059	0.025	6.19480500893878e-46	g7	TMEM123
4.44665993908219e-50	2.05127064530383	0.021	0.005	8.6136249679961e-46	g7	FBLN7
4.27548841183451e-48	0.442581776739233	0.345	0.257	8.28204860256463e-44	g7	PFDN5
4.50074523557245e-47	0.400530260626779	0.414	0.323	8.7183935958274e-43	g7	RPL37A
3.4073418262456e-45	0.407728173595055	0.365	0.277	6.60036185162035e-41	g7	RPL27
4.81637698353048e-45	0.202713504017696	0.555	0.437	9.32980385479689e-41	g7	FXYD5
4.00644101253929e-44	0.553943349957634	0.22	0.15	7.76087688538985e-40	g7	RPL13A
3.68856085019831e-40	0.470801650386692	0.267	0.194	7.14511122291915e-36	g7	COX7C
1.00343947579205e-39	2.11401011817628	0.016	0.004	1.94376260855679e-35	g7	LOC102724246
1.41198564972048e-39	1.90692088293245	0.025	0.008	2.73515740207353e-35	g7	NMB
2.14035307533405e-38	1.53522608525741	0.029	0.01	4.14607794222958e-34	g7	TNFRSF25
2.57398343964061e-38	1.22163952127024	0.046	0.02	4.98606332092782e-34	g7	IL6ST
1.25963836288506e-37	0.447263031226289	0.28	0.208	2.44004547274464e-33	g7	BTF3
6.64577843834768e-37	0.498107306510236	0.226	0.16	1.28735374129233e-32	g7	COMMD6
1.45955087293456e-36	0.441620639732892	0.274	0.203	2.82729599596155e-32	g7	TOMM7
4.31860974634265e-36	0.351497862066966	0.588	0.533	8.36557893964035e-32	g7	RPS26
1.92323983899561e-35	1.41202559311931	0.031	0.012	3.72550789211839e-31	g7	RTKN2
1.56748121461263e-34	0.995791295357126	0.058	0.029	3.03636786082614e-30	g7	BIRC3
5.33946899822036e-34	0.606844059603038	0.15	0.098	1.03430853964527e-29	g7	GSTK1
3.28663824916088e-33	0.667285599819865	0.117	0.073	6.36654695244954e-29	g7	SPOCK2
3.38944867349749e-33	1.02058782012076	0.055	0.027	6.56570102543198e-29	g7	RNASET2
2.15879265885576e-32	1.5200657867276	0.025	0.009	4.18179725946948e-28	g7	ICA1
8.40499737098276e-32	1.83163099607987	0.018	0.005	1.62813204073307e-27	g7	LOC101059954
1.03529615641686e-31	0.720436834549895	0.102	0.062	2.00547218459509e-27	g7	GLTSCR2
1.93361725018909e-31	0.376653722029457	0.308	0.239	3.74560997534128e-27	g7	HNRNPA1
2.66002509274681e-31	0.852547645229398	0.074	0.041	5.15273460715984e-27	g7	PIK3IP1
1.52354165240928e-30	1.38619582051474	0.028	0.011	2.95125253488202e-26	g7	SESN1
2.46972424341103e-28	2.48874328255686	0.007	0.001	4.78410283191151e-24	g7	ANKRD55
3.64967117811272e-28	1.89745242028955	0.014	0.004	7.06977803912214e-24	g7	CYSLTR1
5.80606665063407e-28	0.753144130148268	0.082	0.049	1.12469317089433e-23	g7	SEPT6
3.23535935883564e-27	1.31191827465657	0.028	0.012	6.26721461400051e-23	g7	LINC00892
5.01591414128598e-27	2.17558539729723	0.01	0.002	9.71632728308507e-23	g7	LY96
5.02833012790397e-27	0.278338125523969	0.372	0.301	9.74037829076279e-23	g7	CD52
1.51648066714741e-26	0.454697808447513	0.199	0.146	2.93757470033126e-22	g7	RPS11
2.07022714914411e-26	1.21319160777541	0.032	0.014	4.01023701060705e-22	g7	CCR7
1.64421136009368e-25	0.74301168579695	0.079	0.047	3.18500182563746e-21	g7	GAS5
1.71358636203746e-25	0.421707256775083	0.216	0.162	3.31938814190276e-21	g7	C12orf57
2.61088897198398e-25	0.347829160405075	0.271	0.211	5.05755302763016e-21	g7	RPL36A
2.09828584998886e-24	0.38934274782636	0.228	0.173	4.06458952001342e-20	g7	RPL31
5.67367422526834e-24	1.51418332417518	0.019	0.007	1.09904743417673e-19	g7	SESN3
1.28805031488803e-22	0.362764556082435	0.253	0.199	2.4950822649696e-18	g7	PCBP2
1.42343809696961e-22	0.811198397195069	0.059	0.034	2.75734193763983e-18	g7	FKBP5
2.49629392956387e-22	1.25800465397439	0.025	0.01	4.83557097095817e-18	g7	TCF7
2.7117164765139e-22	0.685307811707173	0.088	0.056	5.25286598665507e-18	g7	NR3C1
4.85152773442028e-22	1.28483557797788	0.023	0.009	9.39789437434552e-18	g7	TNFSF8
2.60270779030674e-21	0.517317684571462	0.127	0.089	5.04170526060319e-17	g7	SLC25A6
3.97903078693262e-21	0.778977524255196	0.059	0.034	7.70778053736717e-17	g7	EIF3L
4.56096448983659e-21	1.21220686351889	0.025	0.011	8.83504431326247e-17	g7	CD4
2.02956646521342e-20	0.726089800630044	0.062	0.037	3.93147319976492e-16	g7	PIM2
8.48030132671486e-20	0.429855792324454	0.155	0.114	1.64271916999793e-15	g7	LEPROTL1
8.55845266948656e-20	0.405240793758946	0.174	0.131	1.65785786660624e-15	g7	S100A11
1.04574419143183e-19	0.48142711197459	0.138	0.1	2.02571107322259e-15	g7	GMFG
1.17077554091965e-19	1.48629500371963	0.016	0.006	2.26790930031545e-15	g7	FXYD1
1.29692057795493e-19	0.830028025493706	0.042	0.023	2.5122648515565e-15	g7	FOXP3
2.10964729373117e-19	0.828220166331346	0.048	0.027	4.08659777268666e-15	g7	PBXIP1
4.75462095757669e-19	1.02727361930436	0.03	0.015	9.2101762569218e-15	g7	TRADD
8.46212081055357e-19	0.84015376606589	0.03	0.015	1.63919742221233e-14	g7	CH25H
8.6467365128504e-19	0.819931362691314	0.047	0.027	1.67495932990425e-14	g7	TNFAIP8
1.24606543747479e-18	0.64337978146047	0.074	0.047	2.41375335893242e-14	g7	EIF3H
1.35854937712346e-18	1.07088466352969	0.027	0.013	2.63164599842586e-14	g7	DGKA
2.35358169566548e-18	0.842914327493447	0.036	0.019	4.5591231026736e-14	g7	TIMP1
2.3975732957072e-18	1.26068141498185	0.02	0.008	4.64433923111441e-14	g7	THEM4
3.53619301751397e-18	0.516337045315281	0.107	0.075	6.8499594942263e-14	g7	EIF3F
8.14138725711405e-18	1.93545615259519	0.008	0.002	1.57706812557556e-13	g7	PTPN13
3.36664847848182e-17	1.56842715046188	0.012	0.004	6.52153476766713e-13	g7	KDSR
3.51716548803081e-17	0.768573770654748	0.048	0.028	6.81310126686448e-13	g7	TMEM173
3.93507689002205e-17	0.53292059863386	0.093	0.064	7.62263744366171e-13	g7	GPX4
4.27429199639732e-17	1.75614002706461	0.01	0.003	8.27973102622126e-13	g7	IGFBP4
1.28429855639433e-16	1.29356005912493	0.017	0.007	2.48781473359146e-12	g7	TESPA1
2.0687500393653e-16	0.611117470462886	0.071	0.046	4.00737570125452e-12	g7	ANP32B
2.57759751497982e-16	0.200123693209032	0.357	0.302	4.9930641462674e-12	g7	VIM
4.17988718429701e-16	0.697828689005426	0.055	0.034	8.09685946470175e-12	g7	ARHGAP15
4.40121105295194e-16	1.13327787950556	0.021	0.01	8.52558593067321e-12	g7	CD28
6.55701185315938e-16	0.632924632568876	0.063	0.041	1.2701587660755e-11	g7	OCIAD2
1.18146948593178e-15	0.706891013837316	0.056	0.035	2.28862454119845e-11	g7	SOCS3
2.72382221749333e-15	1.62784536053227	0.01	0.003	5.27631601750634e-11	g7	FAAH2
3.38250661486101e-15	0.260028637248112	0.252	0.207	6.55225356364726e-11	g7	MIF
5.65760859808707e-15	0.840474812928822	0.034	0.019	1.09593536153545e-10	g7	CCDC167
2.24068716264397e-14	0.360009968434657	0.187	0.149	4.34043510275763e-10	g7	LOC101929876
2.3574325092105e-14	0.706936931316096	0.046	0.028	4.56658251359166e-10	g7	ARID5B
5.19112222922287e-14	0.214045912617078	0.355	0.307	1.00557228702276e-09	g7	ARHGDIB
5.43666410979738e-14	1.64318590666676	0.009	0.003	1.05313620470885e-09	g7	CRIP2
7.63884828421788e-14	0.576150658049295	0.065	0.043	1.47972130113585e-09	g7	SMDT1
1.22185010929715e-13	1.02647115297854	0.021	0.011	2.3668458467195e-09	g7	LIMS1
1.58095132059046e-13	0.388561435699743	0.145	0.112	3.06246080311579e-09	g7	RPL17
4.0239389679529e-13	0.964940137488083	0.023	0.012	7.79477217482156e-09	g7	INPP4B
4.8319146469321e-13	0.412041531066834	0.113	0.085	9.35990186257217e-09	g7	SNHG6
5.2859424262931e-13	0.715725530982255	0.042	0.026	1.02393990739724e-08	g7	CD5
6.03877392778186e-13	0.386554384428556	0.129	0.099	1.16977089755062e-08	g7	UQCRB
6.16273691464437e-13	1.5675096973048	0.008	0.003	1.19378376773576e-08	g7	PGM2L1
6.3642956296293e-13	3.55745603264087	0.002	0	1.23282770641549e-08	g7	NEFL
7.14251401122414e-13	4.72738103408319	0.001	0	1.38357638911423e-08	g7	AIRE
9.95702318806658e-13	0.453445147929903	0.093	0.068	1.92877496176038e-08	g7	PLP2
1.29654804046873e-12	0.879801634416084	0.026	0.014	2.51154320919198e-08	g7	CNIH1
2.13490085402875e-12	0.346601682973356	0.147	0.116	4.13551644433909e-08	g7	EIF3K
2.73963615415285e-12	1.22292790097388	0.014	0.006	5.30694919420949e-08	g7	C1orf228
2.92471445073335e-12	0.361909616017532	0.14	0.109	5.66546436251558e-08	g7	CCNI
4.47529171501453e-12	2.98487725637555	0.002	0	8.66908758115464e-08	g7	GTSCR1
4.48077006861538e-12	0.28298264766506	0.206	0.17	8.67969969991484e-08	g7	RPL27A
5.32824081203135e-12	2.29965827517323	0.003	0.001	1.03213352769859e-07	g7	IL22
5.62600806828883e-12	1.68635376582313	0.007	0.002	1.08981402290823e-07	g7	GNA15
6.19658228482114e-12	1.26794941544589	0.012	0.005	1.2003399543927e-07	g7	METTL8
6.32499211265709e-12	0.717815678441552	0.037	0.022	1.22521422214281e-07	g7	CCDC109B
7.17157087559716e-12	0.684634140449892	0.041	0.026	1.38920499431193e-07	g7	UGP2
1.0517799948953e-11	2.9359676558946	0.002	0	2.03740302811169e-07	g7	PVALB
1.11751605931889e-11	0.388762735397759	0.117	0.09	2.16474035850662e-07	g7	GPSM3
1.13613995366576e-11	0.515190305663864	0.063	0.043	2.20081670424594e-07	g7	ICOS
1.36781116774795e-11	1.1174721762318	0.015	0.007	2.64958701304456e-07	g7	ADI1
1.53438909641797e-11	0.281597586449496	0.198	0.163	2.97226511867125e-07	g7	CIRBP
1.65008347144015e-11	0.943262820595963	0.021	0.011	3.19637669252671e-07	g7	PHTF2
1.65539337123038e-11	2.53834720969317	0.003	0.001	3.20666249941037e-07	g7	CDO1
2.10396757880808e-11	0.258807199102648	0.221	0.185	4.07559559690913e-07	g7	COX4I1
3.52769021417717e-11	0.637881402986774	0.042	0.027	6.83348871388261e-07	g7	C10orf54
3.75618134199114e-11	0.890936122741818	0.022	0.012	7.27609887757103e-07	g7	MAGEH1
4.14807782313193e-11	0.473490635626761	0.075	0.054	8.03524155118886e-07	g7	ABRACL
4.37715089439814e-11	1.3532567280704	0.01	0.004	8.47897899753863e-07	g7	TNFSF13B
5.26783969313434e-11	0.449874549194259	0.082	0.06	1.02043322695705e-06	g7	CUTA
5.89598174282052e-11	0.639552444309938	0.042	0.027	1.14211062340176e-06	g7	RORA
7.09050836638705e-11	0.384414949425037	0.095	0.072	1.37350237565284e-06	g7	CD27
7.31698503125332e-11	1.13522303195783	0.014	0.006	1.41737317040408e-06	g7	CHMP7
7.97988766912104e-11	0.258433460919968	0.214	0.179	1.54578404038544e-06	g7	ATP5G2
9.80133630072648e-11	0.25857811402041	0.223	0.188	1.89861685481373e-06	g7	DDIT4
1.41354206915468e-10	0.201760208990788	0.289	0.249	2.73817234215953e-06	g7	RPL36AL
1.92476031617443e-10	1.95338470897201	0.004	0.001	3.72845320846149e-06	g7	IL4I1
2.31759858227921e-10	1.99946057951999	0.004	0.001	4.48942021373306e-06	g7	PTPLA
2.44837692853506e-10	1.47615593053903	0.008	0.003	4.74275094826527e-06	g7	CPA5
2.68522191580358e-10	0.588301999593634	0.047	0.032	5.20154337310311e-06	g7	ST13
2.77553161248674e-10	0.503633333134727	0.062	0.044	5.37648228654806e-06	g7	EIF4B
3.39313303932642e-10	1.55745603264087	0.007	0.002	6.5728380104792e-06	g7	LOC101928152
3.49673561584545e-10	0.354826866125856	0.115	0.09	6.77352656145423e-06	g7	CNBP
7.07998676812946e-10	1.55745603264087	0.007	0.002	1.37146423685436e-05	g7	LINC01281
8.36815763047401e-10	0.572031208349128	0.046	0.031	1.62099581459912e-05	g7	NDUFV2
8.4483611139291e-10	0.643185906666758	0.031	0.019	1.63653203137921e-05	g7	CTSB
1.13352802962718e-09	1.63991819283285	0.006	0.002	2.19575714619081e-05	g7	EPHB6
1.17400169762857e-09	4.46434662824939	0.001	0	2.2741586884763e-05	g7	LOC101926931
1.27224079402876e-09	0.548478436521617	0.049	0.033	2.46445764211311e-05	g7	PRDX2
1.43418729634952e-09	0.935260625720743	0.018	0.01	2.77816421175865e-05	g7	CHN1
1.6011456254142e-09	0.456450006077	0.055	0.039	3.10157919098984e-05	g7	CTLA4
1.931921719428e-09	0.219196411203049	0.297	0.262	3.74232556270399e-05	g7	TXNIP
2.12706545300184e-09	1.70945912608592	0.004	0.001	4.12033848900986e-05	g7	IGFL2
2.25619805814639e-09	0.696311027253937	0.032	0.02	4.37048125843537e-05	g7	MAF
2.79729450827858e-09	5.72738103408319	0	0	5.41863919198644e-05	g7	LOC101929704
2.79729450827858e-09	5.72738103408319	0	0	5.41863919198644e-05	g7	EEF1DP3
3.11429139710588e-09	0.738304683119423	0.026	0.016	6.0326938653338e-05	g7	TMEM243
5.86914648005756e-09	0.110814864980375	0.52	0.477	0.000113691236465195	g7	IL32
8.77483489444604e-09	0.248499085799729	0.19	0.161	0.000169977326740314	g7	LAPTM5
9.40201401603762e-09	0.49257647675766	0.049	0.035	0.000182126413504665	g7	GPR183
2.13988366891389e-08	2.1005983576674	0.003	0.001	0.00041451686550531	g7	PMCH
2.1915842362086e-08	0.501540043387201	0.052	0.038	0.000424531782395969	g7	NDFIP1
4.67056256361909e-08	0.8267767013221	0.014	0.008	0.000904734674198655	g7	CCL20
5.90836109367186e-08	2.395184603742	0.002	0	0.00114450862745518	g7	TUBA3D
6.31371054644163e-08	0.329430560975502	0.102	0.081	0.00122302886995121	g7	APRT
6.35733929093365e-08	0.486127088656001	0.049	0.035	0.00123148019404676	g7	TOMM20
7.53446465557749e-08	0.489501350279748	0.049	0.035	0.00145950114843192	g7	CD6
1.02267959497162e-07	0.764082809577358	0.08	0.063	0.00198103264341953	g7	CXCL13
1.35304434518442e-07	0.555089018096957	0.037	0.025	0.00262098220105673	g7	TTC39C
1.52279714397114e-07	1.14979806372763	0.009	0.004	0.00294981034758649	g7	SLC9A9
1.59422167189452e-07	0.923511726286689	0.013	0.007	0.00308816680062687	g7	TNIK
1.9215201226575e-07	3.87938412752824	0.001	0	0.00372217662959983	g7	ST6GALNAC1
1.9215201226575e-07	3.87938412752824	0.001	0	0.00372217662959983	g7	COL5A1
1.9215201226575e-07	3.87938412752824	0.001	0	0.00372217662959983	g7	HSD11B1
2.42544792516437e-07	1.13507655802086	0.009	0.004	0.00469833517583591	g7	CHRM3-AS2
2.48206351529732e-07	0.312993577316561	0.106	0.086	0.00480800523548243	g7	ITM2A
2.4971407504559e-07	0.44852166108771	0.053	0.039	0.00483721134770812	g7	NSA2
2.51984290919029e-07	0.769084213950843	0.019	0.011	0.0048811876993925	g7	ADSL
3.61179281509173e-07	2.01313551641706	0.003	0.001	0.00699640386211418	g7	UBXN10-AS1
3.62472911253097e-07	1.49856234358731	0.005	0.002	0.00702146276388373	g7	CCR4
4.56829595090188e-07	3.40545293919582	0.001	0	0.00884924608649202	g7	DOK5
6.02680349408287e-07	1.15969652479387	0.007	0.003	0.0116745210483879	g7	CTSL
7.69543347325273e-07	1.04519672564936	0.009	0.005	0.0149068241810379	g7	BTLA
7.98871153646046e-07	1.1152337040358	0.008	0.004	0.0154749331172776	g7	SMCO4
8.00146642038079e-07	0.603766767224912	0.028	0.018	0.0154996406029196	g7	SAMHD1
8.18839631162761e-07	1.83661010383794	0.003	0.001	0.0158617424952538	g7	FANK1
1.00305325495327e-06	1.01466298616366	0.01	0.005	0.0194301446016999	g7	STAM
1.02818863906743e-06	0.556753136139326	0.031	0.021	0.0199170421273752	g7	CLPP
1.06005231325308e-06	1.26249498535378	0.006	0.003	0.0205342733600253	g7	TIAM1
1.30175057814219e-06	1.15535758906953	0.008	0.003	0.0252162104491924	g7	LOC100996286
1.37562562629923e-06	0.784866528743946	0.016	0.01	0.0266472440070424	g7	TBC1D4
1.41737792648361e-06	2.14241853336203	0.002	0	0.0274560278139141	g7	ZCCHC12
1.65226430143285e-06	0.25571150352009	0.125	0.104	0.0320060117830557	g7	SOD1
1.88428777274892e-06	0.322211996236822	0.084	0.067	0.0365005384459193	g7	LAT
2.41551436158127e-06	4.72738103408319	0	0	0.0467909286981908	g7	KDELR3
2.41551436158127e-06	4.72738103408319	0	0	0.0467909286981908	g7	UMODL1
2.41551436158127e-06	4.72738103408319	0	0	0.0467909286981908	g7	LOC283140
2.41551436158127e-06	4.72738103408319	0	0	0.0467909286981908	g7	SCG5
2.42648838838547e-06	1.87563199266713	0.003	0.001	0.0470035065714149	g7	INF2
