p_val	avg_log2FC	pct.1	pct.2	p_val_adj	cluster	gene
0	1.46011483076015	0.647	0.317	0	c5	GAPDH
0	1.22894978336972	0.643	0.358	0	c5	S100A4
0	0.990132272809577	0.675	0.41	0	c5	PFN1
0	1.34742273684889	0.627	0.362	0	c5	IL32
0	1.17625978445672	0.45	0.216	0	c5	MYL6
0	1.01192674801599	0.608	0.381	0	c5	ACTG1
0	2.57901837915247	0.279	0.054	0	c5	BATF
0	1.21695871051641	0.381	0.174	0	c5	RGS1
0	1.07568562620326	0.934	0.736	0	c5	ACTB
0	4.23537315791433	0.201	0.016	0	c5	TNFRSF4
0	0.632195801587264	0.569	0.396	0	c5	SH3BGRL3
0	0.769583118865469	0.457	0.287	0	c5	CFL1
0	3.68558768592465	0.184	0.017	0	c5	TNFRSF18
0	0.532453456451287	0.789	0.628	0	c5	HLA-A
0	1.16874566452742	0.304	0.143	0	c5	CD2
0	1.49289451232708	0.251	0.093	0	c5	ARPC1B
0	0.787880262094419	0.395	0.241	0	c5	ARHGDIB
0	1.20775693012534	0.321	0.176	0	c5	LTB
0	0.776970277144309	0.812	0.668	0	c5	TMSB10
0	0.893973488993645	0.403	0.261	0	c5	SRGN
0	1.1484684950023	0.268	0.127	0	c5	IL2RG
0	1.7596822795656	0.189	0.058	0	c5	SPOCK2
0	2.9453955651013	0.151	0.02	0	c5	CTLA4
0	0.828385559411281	0.314	0.185	0	c5	CORO1A
0	2.1489574020122	0.172	0.044	0	c5	PKM
0	4.0832440219708	0.132	0.008	0	c5	FOXP3
0	1.65037883766706	0.187	0.066	0	c5	UCP2
0	3.04140960259566	0.163	0.044	0	c5	CXCL13
0	1.85042090621518	0.167	0.049	0	c5	DUSP4
0	3.79286165705591	0.126	0.01	0	c5	LOC101928173
0	1.23452176146089	0.191	0.085	0	c5	SOD1
0	2.63575644875096	0.126	0.022	0	c5	MIR4435-1HG
0	2.02881126400142	0.14	0.036	0	c5	CORO1B
0	1.75260437153736	0.146	0.045	0	c5	TIGIT
0	1.57948416709111	0.151	0.053	0	c5	CD27
0	1.50913835415884	0.153	0.057	0	c5	LINC00152
0	1.22468771216293	0.168	0.075	0	c5	TPI1
0	1.93897410405141	0.127	0.035	0	c5	ICOS
0	2.65483455733414	0.103	0.017	0	c5	DNPH1
0	1.99570284776765	0.116	0.031	0	c5	CARD16
0	1.50095481065738	0.124	0.046	0	c5	ENO1
0	0.410852346457105	0.943	0.865	0	c5	TMSB4X
0	1.89873692795859	0.107	0.03	0	c5	PIM2
0	2.07707495434364	0.095	0.024	0	c5	TNFRSF1B
0	1.70217556146673	0.105	0.034	0	c5	PGAM1
0	1.56741379841121	0.103	0.035	0	c5	FKBP1A
0	1.70564775337353	0.082	0.026	0	c5	IGFLR1
0	3.20213475089598	0.054	0.006	0	c5	MAGEH1
0	3.70837182743063	0.05	0.004	0	c5	IL2RA
0	0.437732961240126	0.988	0.945	0	c5	B2M
0	2.53904540971141	0.049	0.008	0	c5	RTKN2
0	3.12704264590559	0.045	0.005	0	c5	ICA1
0	2.97834536948966	0.044	0.006	0	c5	TBC1D4
0	3.86773200159866	0.024	0.002	0	c5	IL1R2
4.23758821421597e-307	0.817026070116957	0.299	0.174	8.20863212975775e-303	c5	RAC2
1.82414572967917e-306	1.7386911275564	0.077	0.023	3.53355269296152e-302	c5	RBPJ
4.46539482401041e-299	1.45346232316054	0.106	0.039	8.64991631359056e-295	c5	CALM3
1.92248802885559e-297	1.39571614661131	0.125	0.051	3.72405156069616e-293	c5	CTSC
3.81045652491166e-291	1.00236229673138	0.194	0.097	7.38123533440637e-287	c5	SUMO2
1.98937250104062e-290	0.711194277293435	0.346	0.215	3.85361347176579e-286	c5	CD3D
6.18253606213203e-275	2.52556950927688	0.035	0.006	1.19761906059559e-270	c5	LAIR2
1.76185776881163e-274	0.629673182487443	0.399	0.263	3.412894683965e-270	c5	ATP5E
4.87278306697456e-267	0.721771890383485	0.39	0.261	9.43906807903641e-263	c5	CRIP1
9.59341707498895e-265	1.27839836882598	0.119	0.05	1.85834082159611e-260	c5	NR3C1
6.38749367730769e-262	1.75035243929919	0.068	0.021	1.23732140023127e-257	c5	UGP2
3.89702618545622e-259	1.28153946934066	0.12	0.051	7.54892942384724e-255	c5	C9orf16
1.00765882674332e-253	0.853984008304322	0.227	0.126	1.95193591328448e-249	c5	RHOA
2.51727486120528e-249	4.16436220336208	0.014	0.001	4.87621313364075e-245	c5	GNG8
2.29486217116233e-247	1.29957824479151	0.107	0.044	4.44537751175856e-243	c5	PRDX1
5.12306678550511e-247	1.02404321227214	0.186	0.098	9.92389267020196e-243	c5	COTL1
1.96521977715957e-246	1.01328482462795	0.169	0.085	3.8068272303358e-242	c5	YWHAB
1.99377000676993e-246	2.52437398814703	0.034	0.007	3.86213188011402e-242	c5	NMB
2.12120712345023e-245	1.71711139247461	0.064	0.02	4.10899031883544e-241	c5	SIRPG
8.67991982980413e-236	0.92320352698579	0.192	0.103	1.68138727023136e-231	c5	ALDOA
2.50980731807718e-235	2.98371949470328	0.023	0.003	4.8617477558473e-231	c5	NGFRAP1
6.98410344349439e-234	1.43936721423246	0.087	0.033	1.3528906780393e-229	c5	PMAIP1
3.04155533643884e-233	1.13266578269986	0.128	0.058	5.89179684221568e-229	c5	PHLDA1
4.78399616020627e-232	1.06633993462015	0.142	0.068	9.26707896193556e-228	c5	COX8A
2.8630444183211e-231	1.62302369531217	0.067	0.022	5.5460033427298e-227	c5	TMEM173
5.21270155356129e-228	1.27668205083529	0.108	0.046	1.00975241794036e-223	c5	SH2D2A
3.45692338900894e-224	1.1250855714348	0.136	0.065	6.69640629684922e-220	c5	ITM2A
2.88919520268862e-222	0.302266306317275	0.83	0.711	5.59666002712812e-218	c5	HLA-C
1.76504197629716e-219	0.553836226832521	0.398	0.275	3.41906281228523e-215	c5	SERF2
1.95906071543501e-217	0.816913473428837	0.215	0.123	3.79489651186916e-213	c5	ARPC2
1.84210626933418e-213	1.4759911378676	0.075	0.027	3.56834405432725e-209	c5	GBP5
9.26773807868867e-213	1.63755095193406	0.06	0.019	1.79525354322278e-208	c5	CD82
1.59782805962124e-211	0.886011168950163	0.214	0.124	3.0951527342923e-207	c5	ALOX5AP
2.2734725489672e-210	2.88785752520002	0.021	0.003	4.40394367460435e-206	c5	KIAA0101
7.77664349345609e-210	0.841527111308564	0.21	0.121	1.50641361111738e-205	c5	S100A11
9.92516709337506e-204	1.12283213324673	0.115	0.053	1.92260411765768e-199	c5	PARK7
5.63347603255778e-195	2.19329896364697	0.051	0.016	1.09126064226677e-190	c5	STMN1
2.63003402574258e-194	0.756859696087926	0.239	0.147	5.09463891126594e-190	c5	LAPTM5
6.62749842654796e-192	0.723536227487471	0.318	0.217	1.2838127202066e-187	c5	CD7
2.32474771602347e-190	1.25428744741324	0.095	0.042	4.50326880070907e-186	c5	YWHAQ
3.10845731044704e-187	0.972614727530405	0.145	0.076	6.02139265606696e-183	c5	LDHA
2.89204635557749e-185	2.08486939906921	0.033	0.008	5.60218299538915e-181	c5	ENTPD1
3.42135440515392e-184	1.52863597641848	0.069	0.026	6.62750561822366e-180	c5	SYNGR2
1.63638922102502e-181	1.94537835455089	0.037	0.009	3.16984956004757e-177	c5	CD4
1.51382928769729e-180	1.45665668420668	0.064	0.024	2.93243871319843e-176	c5	PBXIP1
2.95061823425806e-178	0.693192864744935	0.237	0.148	5.71564258158129e-174	c5	CLIC1
1.61156215748005e-176	3.84415058106374	0.011	0.001	3.1217570552546e-172	c5	EBI3
4.98748745854964e-176	1.7374780628529	0.049	0.016	9.66126195595651e-172	c5	PTTG1
5.25630829316993e-176	3.11762043956384	0.016	0.002	1.01819947946995e-171	c5	RRM2
5.80357410686305e-174	1.0650446078164	0.11	0.053	1.12421034024044e-169	c5	LAT
1.17366564964891e-173	1.96431439750945	0.035	0.009	2.2735077299349e-169	c5	SLAMF1
2.23002851678273e-172	0.919109811890229	0.144	0.077	4.31978823985982e-168	c5	HMGN1
9.67773544367501e-172	1.98159685614634	0.034	0.009	1.87467413279429e-167	c5	LINC00892
8.09702377000486e-169	1.4597434061615	0.06	0.022	1.56847447448764e-164	c5	TPM4
4.76515535285029e-167	1.66757242331832	0.085	0.038	9.23058243400629e-163	c5	TUBB
1.1141053694968e-166	3.00448146421311	0.015	0.002	2.15813351125225e-162	c5	ETV7
1.49981124158941e-164	0.750265234882173	0.197	0.119	2.90528435608285e-160	c5	LSP1
4.76865426684596e-164	0.929930746387805	0.13	0.068	9.23736018030732e-160	c5	NDUFA13
1.94046959144533e-163	1.94585679597326	0.033	0.009	3.75888364558876e-159	c5	PHTF2
5.91096411362324e-161	1.24409736143191	0.147	0.083	1.14501285844996e-156	c5	HMGN2
1.0541545459719e-158	2.59739774135113	0.022	0.004	2.04200277100217e-154	c5	LTA
3.8886883511639e-158	0.92020783783739	0.136	0.073	7.53277820503958e-154	c5	CKLF
2.15828689234967e-157	1.05797508304549	0.104	0.051	4.18081753917055e-153	c5	PRDM1
2.9964770499404e-156	1.01199145338409	0.114	0.058	5.80447569343956e-152	c5	RAN
1.15813624469342e-154	1.12382716337726	0.131	0.071	2.24342571959562e-150	c5	H2AFZ
3.67417742892767e-154	2.25969735670519	0.025	0.006	7.1172490975758e-150	c5	TNFRSF9
9.59880700374158e-153	2.90210532114769	0.015	0.002	1.85938490469478e-148	c5	TYMS
4.08721397447359e-152	0.850677721876644	0.144	0.08	7.9173421899528e-148	c5	GMFG
3.94419931339724e-151	1.58231976728978	0.046	0.016	7.64030848998179e-147	c5	ACP5
3.35403553042015e-149	2.88488625009899	0.012	0.001	6.49710222597686e-145	c5	IL21
3.88840217360488e-149	1.60018811994141	0.044	0.015	7.53222385049002e-145	c5	GBP2
1.43887557420511e-148	0.37388345170934	0.612	0.519	2.78724587479273e-144	c5	PTMA
4.34437522670469e-148	1.32554665157975	0.062	0.025	8.41548925164965e-144	c5	ARID5B
1.00341207965145e-144	0.938863871157813	0.115	0.06	1.94370953949283e-140	c5	ARL6IP5
3.24070501261223e-143	1.18682630889289	0.077	0.035	6.27756967993115e-139	c5	RPS27L
8.40451706712516e-143	0.77148048782133	0.164	0.097	1.62803900107281e-138	c5	SUB1
9.20933069902276e-143	1.29469401466442	0.064	0.027	1.7839394497077e-138	c5	CD40LG
4.0932962939908e-139	1.330706054715	0.086	0.041	7.92912425108958e-135	c5	HMGB2
5.82803138380979e-139	0.445269320041859	0.389	0.291	1.12894795935779e-134	c5	UBC
4.45085255285925e-138	0.503558595363146	0.34	0.247	8.62174648014364e-134	c5	S100A6
7.18225173621697e-138	1.49740774720415	0.046	0.016	1.39127398382259e-133	c5	RHBDD2
9.03913871301174e-137	0.706099666235287	0.179	0.11	1.7509715600975e-132	c5	CHCHD2
1.29450019100836e-135	2.37334370543897	0.019	0.004	2.5075763200023e-131	c5	MAP1LC3A
5.00808956747591e-135	1.25542645877888	0.063	0.027	9.70117030115759e-131	c5	NDUFV2
8.82060373319092e-135	1.23329920110001	0.064	0.027	1.70863914915641e-130	c5	CXCR3
5.14189123966126e-134	0.542173139787794	0.333	0.245	9.96035752034782e-130	c5	PPIA
1.09132636057339e-133	0.421798629006394	0.403	0.305	2.11400829306671e-129	c5	CD3E
2.23241803073372e-133	1.33980654055087	0.056	0.022	4.32441696733429e-129	c5	RANBP1
2.89319971037812e-133	1.14652404881414	0.072	0.033	5.60441715897346e-129	c5	CACYBP
1.0967740464978e-132	1.50203549634426	0.043	0.015	2.12456100547089e-128	c5	CCDC167
5.18254223352627e-132	1.31062208223908	0.057	0.023	1.00391025605637e-127	c5	TYMP
5.44355403081535e-132	2.91603567010897	0.013	0.002	1.05447085130924e-127	c5	UBE2C
8.59208196162521e-132	0.646868522402013	0.21	0.136	1.66437219678642e-127	c5	TAGLN2
5.51779005026983e-131	1.09474040255434	0.076	0.035	1.06885111063777e-126	c5	TXN
6.43884365595969e-130	0.867268298364893	0.12	0.066	1.24726840459595e-125	c5	CAPZB
1.53551828272789e-129	2.08570525948708	0.022	0.005	2.9744524654722e-125	c5	GK
3.11849013401033e-128	1.22907274943451	0.063	0.027	6.04082723859141e-124	c5	PRDX2
5.02821951191598e-128	1.1954313107271	0.066	0.029	9.74016401653244e-124	c5	SLA
7.32650051661248e-127	0.708524005580123	0.165	0.101	1.419216415073e-122	c5	ARPC3
1.8993744561851e-125	0.795325364470449	0.134	0.077	3.67927825907616e-121	c5	LCK
2.92039309005746e-125	0.658770345105998	0.189	0.121	5.6570934547503e-121	c5	HNRNPA2B1
4.40257915938011e-125	1.48870908810004	0.042	0.015	8.52823608963521e-121	c5	HNRNPLL
5.98531870604374e-124	0.629863558327931	0.203	0.132	1.15941608654773e-119	c5	SRP14
8.10355465339695e-123	1.26725812497744	0.057	0.024	1.56973957190952e-118	c5	PDCD1
1.57012986742834e-122	1.14339382192788	0.068	0.031	3.04149856619545e-118	c5	COX5A
4.65181056418959e-122	0.56033669291713	0.256	0.177	9.01102224389166e-118	c5	DDIT4
4.08701356231825e-121	0.569165804705566	0.261	0.183	7.91695397156668e-117	c5	MIF
4.35901929995489e-121	1.10502669335809	0.071	0.033	8.44385628594261e-117	c5	WDR1
6.86198213782803e-119	0.792562005428958	0.127	0.073	1.32923455991867e-114	c5	NDUFA4
8.43362888673342e-119	0.944006203161017	0.093	0.048	1.63367825164913e-114	c5	ATP5G3
1.17999276046556e-118	0.929271710680903	0.096	0.05	2.28576397629783e-114	c5	ACTR3
1.37530325031728e-116	0.785961263729134	0.128	0.074	2.66409992618961e-112	c5	TPM3
7.91972159455978e-116	0.571898799781421	0.229	0.156	1.53412927008218e-111	c5	ATP5G2
1.05780220214051e-115	2.07234068924259	0.021	0.005	2.04906864576639e-111	c5	FBLN7
1.96594628733817e-115	0.74685901023711	0.138	0.082	3.80823455320276e-111	c5	COX6A1
2.38630789788666e-115	1.32841766520313	0.048	0.019	4.62251702899624e-111	c5	BTG3
1.52610759460111e-114	2.86295814975527	0.011	0.002	2.9562230215018e-110	c5	LINC01281
2.13001432038383e-114	0.760583306615095	0.204	0.137	4.12605074001552e-110	c5	HMGB1
5.44995158268466e-114	1.55969856467559	0.037	0.013	1.05571012108185e-109	c5	MTHFD2
1.26169357996527e-112	1.72201464020846	0.029	0.009	2.44402663375072e-108	c5	GALM
2.33508704870098e-112	0.900115871572942	0.096	0.052	4.52329712203868e-108	c5	PPP1CA
3.74540633823578e-112	1.48563586637572	0.038	0.014	7.25522661779653e-108	c5	GLRX
9.21295790013517e-112	0.660771468348902	0.169	0.108	1.78464207483518e-107	c5	UBL5
3.85836185631508e-111	1.37276403721315	0.045	0.017	7.47403275186794e-107	c5	MAF
6.05972851906928e-110	0.526520736690086	0.193	0.127	1.17383001142891e-105	c5	SAT1
9.94152453317594e-110	2.66868739608	0.013	0.002	1.92577271732151e-105	c5	NUSAP1
4.84960259131484e-109	0.524008047430194	0.367	0.289	9.39416517963597e-105	c5	VIM
9.32200350157981e-109	0.976180559594839	0.082	0.042	1.80576529829103e-104	c5	SEPT6
9.62572813246833e-109	2.19901256531319	0.018	0.004	1.86459979654044e-104	c5	STAM
1.80992115395981e-108	1.12110516563985	0.063	0.029	3.50599826733555e-104	c5	FKBP5
1.03217743548742e-107	2.84939895274855	0.011	0.002	1.99943091028268e-103	c5	ZBED2
3.78792358776348e-106	1.17739398917894	0.058	0.026	7.33758678185664e-102	c5	CMTM6
6.37266462851253e-105	2.60875715895724	0.013	0.002	1.23444886518916e-100	c5	PTP4A3
2.29303123595456e-104	1.68705137395689	0.028	0.009	4.44183080716757e-100	c5	CD28
3.2155915806975e-104	0.521447539536697	0.233	0.162	6.22892245096912e-100	c5	ATP5L
4.29265764164939e-103	1.06445752578304	0.066	0.032	8.31530711763903e-99	c5	BIRC3
1.06821629973505e-102	1.02679708197962	0.074	0.037	2.06924179421677e-98	c5	LGALS3
1.6051636950211e-102	2.14748643052085	0.017	0.004	3.10936259362537e-98	c5	TOX2
1.81758262028676e-102	0.555461407851927	0.105	0.059	3.52083929375749e-98	c5	GPX1
6.15855167003973e-102	0.896059621124229	0.088	0.047	1.1929730440034e-97	c5	ATP5J2
1.3525821355232e-101	0.912577476363847	0.087	0.047	2.620086854722e-97	c5	GNG5
4.75599866747433e-101	0.734183396488645	0.126	0.075	9.21284501876453e-97	c5	COX6C
4.4896657001123e-100	1.48111395201699	0.034	0.012	8.69693142768754e-96	c5	CCR6
1.81461369005378e-98	1.23577054869064	0.049	0.021	3.51508817900318e-94	c5	CXCR6
2.00653281951549e-98	0.798936809540639	0.106	0.061	3.88685472468346e-94	c5	PSME2
6.69173983430611e-98	0.789910703053706	0.106	0.061	1.29625692330344e-93	c5	SLC25A3
6.76908220936957e-98	1.54065712831698	0.03	0.01	1.31123891477698e-93	c5	PELI1
1.4200807863729e-97	2.21147949065491	0.016	0.003	2.75083849128294e-93	c5	LAYN
1.54693745691152e-97	0.516988389422782	0.234	0.166	2.9965725477833e-93	c5	HINT1
2.6178952086416e-97	1.62913769009289	0.028	0.009	5.07112480865965e-93	c5	LIMS1
2.92692294752735e-95	1.24436891624473	0.047	0.02	5.66974244165523e-91	c5	HN1
8.96696108680789e-95	1.47338229537393	0.033	0.012	1.73699003212556e-90	c5	CNIH1
1.39201970500123e-94	0.706749205863492	0.142	0.09	2.69648137055788e-90	c5	LY6E
2.02808704411304e-94	0.746789890174449	0.117	0.07	3.92860741315136e-90	c5	ANAPC16
4.83879234846578e-94	0.531590975956921	0.205	0.141	9.37322465821307e-90	c5	YWHAZ
1.25100175603994e-89	1.38262934824455	0.04	0.016	2.42331550162497e-85	c5	MIR155HG
1.40072694040857e-89	2.4784899519188	0.012	0.002	2.71334815626544e-85	c5	CD200
1.76803310286963e-89	0.914973711244503	0.075	0.04	3.42485692356876e-85	c5	BRK1
3.01681259481819e-89	1.87349791516617	0.02	0.005	5.84386767742231e-85	c5	IL21R
5.623234205109e-89	0.574891715590428	0.176	0.119	1.08927669787166e-84	c5	MYL12B
8.04543709297487e-89	0.912996183183169	0.077	0.041	1.55848161928016e-84	c5	ANP32B
3.77214674265141e-88	1.42259166083931	0.097	0.057	7.30702545519006e-84	c5	TUBA1B
2.01043773509301e-87	1.63745598118638	0.025	0.008	3.89441893664866e-83	c5	SNX9
8.67544930947212e-87	0.861753799726984	0.082	0.045	1.68052128573784e-82	c5	HNRNPA3
1.95787446914695e-86	1.01434630486909	0.063	0.031	3.79259863418457e-82	c5	H2AFV
5.4668718751674e-86	2.56167175740826	0.01	0.002	1.05898775093868e-81	c5	TOP2A
6.87269852309312e-85	1.49917033894717	0.031	0.011	1.33131043090837e-80	c5	GADD45G
7.22653331921276e-85	0.768255120261641	0.097	0.057	1.3998517692647e-80	c5	PSMA7
1.62679663392396e-84	0.723582735570797	0.109	0.066	3.1512677595741e-80	c5	HNRNPK
4.17727523488486e-84	1.14725769076935	0.047	0.022	8.09179985749546e-80	c5	PHPT1
1.77905282607198e-82	0.747189947179789	0.102	0.061	3.44620322938403e-78	c5	H3F3AP4
4.89248341998638e-82	0.900900008501763	0.072	0.039	9.47722963285561e-78	c5	SKAP1
1.59919056489284e-81	0.644284953248059	0.132	0.085	3.09779204325393e-77	c5	EDF1
1.99302835951147e-81	1.17358626676876	0.043	0.019	3.86069523520967e-77	c5	IFI6
2.93505634241344e-80	1.14269188277599	0.045	0.02	5.68549764088908e-76	c5	IL6ST
5.2688906895833e-80	1.07950590647474	0.051	0.024	1.02063681547918e-75	c5	STAT1
6.96610002901973e-80	0.729170307250459	0.106	0.065	1.34940323662141e-75	c5	STK17B
9.6706087632179e-80	1.15214950552501	0.046	0.021	1.87329362352294e-75	c5	CFLAR
2.75035712756151e-79	0.618127655341401	0.134	0.087	5.32771679179941e-75	c5	TCEB2
2.77434932392356e-79	1.4769984045935	0.027	0.01	5.37419207537232e-75	c5	NCF4
5.58686209174059e-79	0.736337362083358	0.1	0.06	1.08223105579107e-74	c5	COX5B
1.23274376053204e-78	2.04339445462912	0.015	0.004	2.38794793852661e-74	c5	MAST4
1.62669858648067e-77	1.64321163580543	0.021	0.007	3.1510778318717e-73	c5	FAS
1.63953307782831e-77	0.809607902327437	0.082	0.047	3.17593952506121e-73	c5	ROMO1
6.56252639853585e-77	1.08351437821427	0.048	0.023	1.27122698866038e-72	c5	MRPS6
4.59920057540734e-76	0.890278779130419	0.068	0.037	8.90911143462157e-72	c5	SHFM1
1.02005003153855e-75	0.940097207450825	0.061	0.032	1.97593891609333e-71	c5	NOP10
1.87002152674735e-75	1.00972584014123	0.052	0.026	3.62241869946229e-71	c5	C4orf48
2.61509693761371e-75	1.07919595990888	0.047	0.022	5.06570427785152e-71	c5	CD5
3.43403629608845e-75	0.592293458233428	0.149	0.1	6.65207170915294e-71	c5	ZFP36L1
8.63980583882913e-75	0.657615751920832	0.129	0.085	1.67361678903959e-70	c5	ISG20
2.11133715632371e-74	2.42817413281528	0.01	0.002	4.08987120551466e-70	c5	GNA15
2.36514543657574e-74	0.929165297810711	0.062	0.033	4.58152322519087e-70	c5	ISCU
2.98735436576297e-74	0.176378666806417	0.575	0.472	5.78680414191945e-70	c5	RPS26
7.89235105367188e-74	0.828190341806823	0.075	0.042	1.52882732260678e-69	c5	DYNLL1
9.7902419020163e-74	0.623844259294585	0.13	0.085	1.89646775883958e-69	c5	CALM2
1.58922089956846e-73	0.539987895494496	0.165	0.114	3.07847980455407e-69	c5	UQCR11
3.43665535446444e-73	0.573435737707546	0.144	0.097	6.65714508713308e-69	c5	DAZAP2
4.55214913032601e-73	0.596111466850009	0.113	0.071	8.81796808035451e-69	c5	HSPB1
4.59580132093324e-73	0.766438964323235	0.094	0.057	8.90252673877977e-69	c5	SLC25A5
6.87817992467625e-73	0.719098311832745	0.099	0.061	1.33237223320904e-68	c5	GPX4
3.71303933560203e-72	1.59270024002207	0.021	0.007	7.19252849699469e-68	c5	IKZF2
5.74891785320822e-72	1.62797794706203	0.021	0.007	1.11362287734496e-67	c5	EPSTI1
6.26121325720029e-72	1.20551475314907	0.036	0.016	1.21285962005227e-67	c5	VDAC1
1.66533505069806e-71	0.438664303678442	0.327	0.265	3.22592052670722e-67	c5	CD52
2.18125754247511e-71	1.03872731820574	0.048	0.023	4.22531398552853e-67	c5	ANXA5
3.10255910551093e-71	1.61876665829621	0.022	0.008	6.00996724328522e-67	c5	CD70
3.69194806819357e-71	0.751230655637286	0.086	0.051	7.15167260289777e-67	c5	NDUFB1
6.01384013033364e-71	0.60416503455972	0.128	0.085	1.16494097164693e-66	c5	SKP1
7.90133388547817e-71	1.29614487806177	0.037	0.016	1.53056738695598e-66	c5	PIM3
2.07236539260971e-70	0.762160958095377	0.084	0.05	4.01437900202427e-66	c5	ATPIF1
3.11855197889078e-70	0.897138062428987	0.063	0.034	6.04094703830932e-66	c5	COX17
4.18691027142654e-70	1.87632616578489	0.015	0.004	8.11046388678035e-66	c5	BTLA
8.86606033768838e-70	0.593284864218366	0.129	0.085	1.71744454801362e-65	c5	COX6B1
4.93659716330034e-68	1.46183010625975	0.025	0.009	9.5626823650291e-64	c5	SMS
1.69977709466807e-67	1.35700728130448	0.027	0.011	3.29263821008153e-63	c5	ATOX1
1.30396837191586e-66	1.06652170292591	0.043	0.021	2.52591713323822e-62	c5	PDIA6
2.14776204883163e-66	1.80194402094305	0.016	0.005	4.16042986479174e-62	c5	METTL8
3.83297750178459e-66	0.749940809535917	0.088	0.054	7.42486071870694e-62	c5	EPC1
4.64087844564018e-66	1.31946787337278	0.028	0.011	8.98984563704958e-62	c5	TNFRSF25
9.90384432412915e-65	0.95025962583455	0.05	0.026	1.91847368402706e-60	c5	SIT1
7.65299358314404e-64	0.900659212496986	0.055	0.029	1.48246138699083e-59	c5	ERH
4.42284712785492e-63	1.24652240170258	0.029	0.012	8.56749717136776e-59	c5	PPM1G
8.23560869887229e-63	0.924404770334378	0.052	0.027	1.59531976105855e-58	c5	PSMB3
9.36319891368625e-63	0.863312838150636	0.059	0.032	1.81374526157016e-58	c5	ARPC5
9.6875683667823e-63	0.986643455226318	0.041	0.02	1.8765788683294e-58	c5	CTSB
4.35139069158133e-62	0.944157702708087	0.049	0.026	8.4290789086622e-58	c5	RNF19A
9.59182763375965e-62	0.69560199634623	0.092	0.058	1.85803293093558e-57	c5	CNN2
2.90787969537289e-61	0.803208771800246	0.07	0.041	5.63285375790682e-57	c5	BAX
3.05218968525087e-61	0.596672357891511	0.116	0.077	5.91239663929945e-57	c5	RNASEK
1.42611672505124e-60	1.01289995155069	0.042	0.021	2.76253070809676e-56	c5	PAK2
1.74632158415183e-60	1.07655171777	0.04	0.019	3.38279954066051e-56	c5	AQP3
2.36938981273052e-60	0.673796809097676	0.09	0.056	4.58974500624028e-56	c5	TMBIM6
6.53000716081153e-60	0.953068488447118	0.047	0.024	1.2649276871208e-55	c5	DEK
1.56650882317255e-59	0.65372064619461	0.095	0.06	3.03448424136755e-55	c5	UQCR10
2.35514014553512e-59	1.40032497265871	0.022	0.008	4.56214197591607e-55	c5	CHN1
3.37917460410972e-59	1.52054117168703	0.019	0.007	6.54579912562093e-55	c5	NDFIP2
2.07534836711004e-58	0.186808299108555	0.525	0.446	4.02015732192887e-54	c5	FXYD5
2.82913802554822e-58	0.717431568294919	0.077	0.047	5.48032326928946e-54	c5	UBE2D2
6.60382757682549e-58	0.523649430069598	0.141	0.099	1.27922743990687e-53	c5	CCNI
2.60692604938758e-57	0.747031776813758	0.071	0.042	5.04987645026868e-53	c5	LCP2
3.2405700532816e-57	0.859718759641451	0.055	0.03	6.2773082502118e-53	c5	RHOG
7.30837127391831e-57	0.929831601786356	0.046	0.024	1.41570459947072e-52	c5	PSMD8
9.519089816139e-57	0.634930275377009	0.093	0.059	1.84394288828429e-52	c5	PSMB8
1.59479888045002e-56	0.976382245585648	0.042	0.021	3.08928491131974e-52	c5	RAP1A
2.92061151905828e-56	1.79648692184963	0.013	0.004	5.6575165735678e-52	c5	CENPM
2.20381183295483e-55	0.863426521223929	0.053	0.029	4.2690039016168e-51	c5	MAT2B
2.59220693417302e-55	1.71150985498275	0.014	0.004	5.02136405218655e-51	c5	CD59
7.07640024410384e-55	0.431848814799159	0.196	0.147	1.37076949128535e-50	c5	KLRB1
7.23521464834397e-55	0.513027623125588	0.127	0.088	1.40153342953071e-50	c5	GABARAP
2.56153119904417e-53	0.689404812746574	0.154	0.113	4.96194208566846e-49	c5	LGALS1
2.8455088251631e-53	1.63333850975173	0.015	0.005	5.51203514522345e-49	c5	SHMT2
3.23400616221258e-53	1.41601301999042	0.019	0.007	6.26459333682199e-49	c5	CCL20
4.60314523262835e-53	1.46740557489181	0.018	0.007	8.91675263012438e-49	c5	HTATIP2
1.76400240826474e-52	0.571132086657325	0.113	0.077	3.41704906504963e-48	c5	FYB
2.03362072159831e-52	0.764484975255836	0.063	0.037	3.93932669980809e-48	c5	BST2
6.56999245003259e-51	0.602593648431158	0.093	0.061	1.27267323749581e-46	c5	SAMSN1
1.01481399486414e-50	1.01531593159568	0.036	0.018	1.96579618945133e-46	c5	PTPN7
2.12739597962704e-50	0.783973270552419	0.059	0.035	4.12097875213555e-46	c5	SCAND1
3.47461455996442e-50	1.92107455771428	0.01	0.003	6.73067586410708e-46	c5	PDE7B
9.06391456940784e-50	0.691455741815441	0.072	0.045	1.75577089123999e-45	c5	ABRACL
1.14793248038773e-49	0.621714862206518	0.087	0.056	2.22366000775906e-45	c5	EZR
1.60331898200949e-49	0.751139295830381	0.062	0.037	3.10578920005058e-45	c5	CAP1
1.75851241603424e-49	1.07233922846088	0.039	0.02	3.40641440109992e-45	c5	FABP5
3.05474677516249e-49	1.46389235343096	0.017	0.006	5.91734997816725e-45	c5	GADD45A
7.05565664700171e-49	0.878421586372856	0.045	0.025	1.3667512490907e-44	c5	CSK
1.06600633785415e-48	0.726489386304613	0.063	0.038	2.06496087705727e-44	c5	ATP5B
1.55152372604683e-48	0.577913813688792	0.095	0.063	3.00545660972531e-44	c5	PGK1
4.57604273209558e-48	1.29420323916515	0.021	0.009	8.86425237634235e-44	c5	PRDX3
1.21906708866862e-47	0.52958283067183	0.113	0.078	2.36145485745998e-43	c5	PCBP1
1.55998894040069e-47	0.779624417756582	0.055	0.032	3.02185457645017e-43	c5	MINOS1
5.82447945122383e-47	0.9703734970293	0.037	0.019	1.12825991449657e-42	c5	PSMA2
6.42399990756151e-47	1.97467394709834	0.01	0.003	1.24439302209374e-42	c5	PGM2L1
6.58980057926366e-47	0.383413689794855	0.197	0.152	1.27651027020916e-42	c5	CIRBP
1.26757807325449e-46	1.51263643734718	0.015	0.005	2.45542548570127e-42	c5	SOX4
1.56253149809939e-46	1.04519866939093	0.03	0.015	3.02677976496833e-42	c5	SEC11C
2.24755673788353e-46	1.21498827643205	0.025	0.011	4.35374215695418e-42	c5	NINJ1
3.85475409012046e-46	0.678953506081578	0.069	0.043	7.46704414797234e-42	c5	WDR83OS
5.06662956651208e-46	0.665730425917276	0.071	0.045	9.81456813329054e-42	c5	RGS10
8.36394385888833e-46	0.793111975452939	0.06	0.037	1.62017956490526e-41	c5	ISG15
1.0115405165426e-45	0.994574824264707	0.033	0.016	1.95945513459467e-41	c5	ANKRD10
2.03932723204865e-45	0.610441788902873	0.083	0.055	3.95038078120144e-41	c5	NDUFA11
2.15773606777203e-45	0.514804706162155	0.113	0.079	4.17975053688121e-41	c5	COX7A2
4.89924761464766e-45	1.67269544155522	0.012	0.004	9.49033255433399e-41	c5	NINJ2
1.13530730782086e-44	1.89054018956617	0.01	0.003	2.19920378597978e-40	c5	TIAM1
1.44056940361979e-44	1.75061591652448	0.011	0.003	2.7905269917519e-40	c5	ZNRF1
2.01126150843661e-44	1.07400992585471	0.029	0.014	3.89601466799256e-40	c5	PPA1
6.84907713149828e-44	0.904519296919752	0.038	0.02	1.32673473114253e-39	c5	PPP1CC
1.47518546210839e-43	1.04192356745917	0.03	0.015	2.85758175865017e-39	c5	MAL
2.00122220604665e-43	0.579758507627037	0.087	0.059	3.87656753533296e-39	c5	RHOH
2.92003579656831e-43	0.576003978847138	0.084	0.056	5.65640134153247e-39	c5	NDUFB2
1.69163546332102e-42	0.696691511808005	0.061	0.038	3.27686705599915e-38	c5	CREM
1.71831202960148e-42	0.662504711072527	0.065	0.041	3.32854223254102e-38	c5	DDX24
1.87674793815788e-42	0.701315503494226	0.059	0.036	3.63544843100563e-38	c5	SNRPB
2.64479185856193e-42	0.682740592508814	0.064	0.04	5.12322630922031e-38	c5	LBH
4.93500239536276e-42	0.657502951545069	0.066	0.042	9.5595931400572e-38	c5	HCLS1
6.08133793187495e-42	0.312894982988275	0.277	0.228	1.1780159707835e-37	c5	HLA-H
6.2368393152666e-42	1.12709627149216	0.024	0.011	1.20813814376029e-37	c5	CARHSP1
6.59546391623854e-42	0.717063999989101	0.06	0.037	1.27760731521457e-37	c5	ANXA2
7.32035202597047e-42	0.542999481691335	0.092	0.063	1.41802539095074e-37	c5	GYPC
1.08603595084708e-41	0.904309832662919	0.043	0.025	2.10376024038587e-37	c5	DUT
1.11267558125759e-41	0.327884179268198	0.23	0.184	2.15536386845407e-37	c5	PCBP2
1.41873716267159e-41	0.792351194894479	0.046	0.027	2.74823575781115e-37	c5	TAP1
1.552222468889e-41	0.541794439774035	0.093	0.064	3.00681014448488e-37	c5	TMEM258
1.71753372761252e-41	1.49689556971041	0.014	0.005	3.32703458375821e-37	c5	PCNA
1.9641396593533e-41	0.426033974603889	0.144	0.107	3.80473493413328e-37	c5	CYTIP
2.06238660609719e-41	1.31928141931621	0.017	0.007	3.99504909467087e-37	c5	PMVK
2.23475356181852e-41	0.702176879603752	0.059	0.036	4.32894112459865e-37	c5	RHOC
2.76439727953144e-41	0.536059319743699	0.091	0.062	5.35491397018036e-37	c5	NDUFS5
6.77500021407516e-41	0.559879812027104	0.09	0.061	1.3123852914685e-36	c5	PLP2
7.62389614297377e-41	0.712939412996486	0.054	0.033	1.47682492185545e-36	c5	PSMB1
8.06032716839606e-41	0.323699094447983	0.228	0.183	1.56136597579e-36	c5	COX7C
9.70204051105165e-41	1.62662719924903	0.01	0.003	1.87938226739581e-36	c5	HPGD
1.5209463781327e-40	0.82967865120547	0.041	0.023	2.94622522908085e-36	c5	ELOVL5
1.52180097673633e-40	1.27300701635517	0.018	0.007	2.94788067203594e-36	c5	TNIP2
3.43965268301351e-40	0.699961127796916	0.057	0.035	6.66295121226547e-36	c5	COPE
4.53472373754352e-40	1.25851565197297	0.018	0.007	8.78421335199555e-36	c5	GEM
5.20067171226611e-40	0.744915916093537	0.049	0.029	1.00742211738307e-35	c5	DYNLRB1
5.6231637026734e-40	0.885955156766576	0.039	0.022	1.08926304084486e-35	c5	ARID5A
2.15585974651897e-39	0.663861050214829	0.062	0.039	4.17611591498189e-35	c5	SNRPG
2.1909747103492e-39	0.82367006531107	0.042	0.024	4.24413711141743e-35	c5	NAP1L4
2.7255329661507e-39	0.64416878295358	0.064	0.041	5.27962990873051e-35	c5	ICAM3
4.66210542362225e-39	0.907537076090435	0.033	0.017	9.03096441609866e-35	c5	CLPP
7.33123619538051e-39	1.12700963430354	0.022	0.01	1.42013376340716e-34	c5	TRAF1
9.09980668241503e-39	1.02853808554789	0.026	0.013	1.76272355245062e-34	c5	CASP1
1.10648210355716e-38	0.525441329182929	0.101	0.072	2.14336648280057e-34	c5	CALR
1.11582516167208e-38	0.349015640557297	0.21	0.169	2.16146492067498e-34	c5	S100A10
8.59926391354251e-38	0.894096972851177	0.035	0.019	1.66576341269232e-33	c5	RAD21
1.19250857261577e-37	0.767040096303274	0.044	0.026	2.31000835601402e-33	c5	SEC11A
1.25969254110318e-37	0.563200610213113	0.079	0.054	2.44015042137097e-33	c5	ATP6V0E1
2.1870004270317e-37	0.549499404875803	0.082	0.056	4.2364385272031e-33	c5	MORF4L1
3.31044607338132e-37	1.32064293414265	0.016	0.006	6.41266508874696e-33	c5	HPRT1
3.97576907700793e-37	0.666939346434243	0.057	0.036	7.70146227907206e-33	c5	NDFIP1
4.82303279100132e-37	0.814724090721402	0.039	0.022	9.34269681944866e-33	c5	NDUFC1
4.87473916923256e-37	1.04320706730052	0.024	0.012	9.44285724472038e-33	c5	VOPP1
6.64575518493663e-37	1.62590630920149	0.01	0.003	1.28734923687407e-32	c5	SMCO4
6.67352324403827e-37	0.615464836131517	0.065	0.042	1.29272818760265e-32	c5	HNRNPC
7.06823394537481e-37	0.503690042816264	0.09	0.062	1.36918759755855e-32	c5	CD247
9.30096713299036e-37	0.77410716514103	0.054	0.034	1.80169034333156e-32	c5	ARL6IP1
6.53105247837012e-36	0.632490674826987	0.061	0.039	1.26513017558508e-31	c5	PIK3IP1
2.77040354163535e-35	0.550024392253732	0.074	0.05	5.36654870050183e-31	c5	TSPO
4.22004537903832e-35	0.536983864245479	0.079	0.055	8.17464990373514e-31	c5	CDC42
9.5838291615079e-35	0.826348791120014	0.035	0.02	1.85648354687569e-30	c5	PSMA6
1.14955925633788e-34	1.33731346861639	0.014	0.006	2.2268112354521e-30	c5	FRMD4B
1.2643015030296e-34	1.02836421204797	0.023	0.011	2.44907844151865e-30	c5	SLIRP
1.37357192844622e-34	0.990021911431775	0.025	0.013	2.66074618259317e-30	c5	TOX
1.41348268924409e-34	0.676515853842828	0.051	0.032	2.73805731733472e-30	c5	SRP9
2.0122224006461e-34	1.14222926582023	0.019	0.009	3.89787601229155e-30	c5	GRSF1
2.2862881323814e-34	0.676874963406523	0.051	0.032	4.42876874123601e-30	c5	ATP5J
3.05372764888952e-34	0.94027481996552	0.027	0.014	5.91537582866389e-30	c5	RPA3
4.5343622447575e-34	0.162905690522897	0.44	0.387	8.78351310431976e-30	c5	TSC22D3
6.06588209660272e-34	1.22171862205127	0.016	0.007	1.17502202093291e-29	c5	ADI1
1.20760068375056e-33	0.444899198422542	0.108	0.079	2.33924328449322e-29	c5	CIB1
1.40424440884687e-33	0.519806085898649	0.082	0.057	2.72016184437726e-29	c5	NDUFA1
2.14914716914071e-33	0.390717005898375	0.156	0.122	4.16311298134247e-29	c5	LIMD2
3.44023741969896e-33	0.983928795880376	0.026	0.013	6.66408390569886e-29	c5	YWHAH
3.69489569338815e-33	1.17206304745084	0.018	0.008	7.15738244766218e-29	c5	MAP2K3
3.98507849799592e-33	1.21556639506967	0.016	0.007	7.71949555846789e-29	c5	HOXB2
4.50136887690286e-33	0.400914478979168	0.131	0.099	8.71960165144853e-29	c5	PSMB9
4.98361157831453e-33	0.847176444045748	0.034	0.019	9.65375398835308e-29	c5	CISH
6.10100305918777e-33	1.49553446776317	0.011	0.004	1.18182530259526e-28	c5	TSPAN5
9.97191147320359e-33	0.323715819239786	0.184	0.147	1.93165897147427e-28	c5	PSME1
1.17378203694942e-32	1.47124881762445	0.011	0.004	2.27373318377472e-28	c5	SMC4
1.94655387528515e-32	0.631061939953468	0.056	0.036	3.77066951181486e-28	c5	ANXA6
2.57661060011169e-32	0.449875210251276	0.11	0.081	4.99115239347636e-28	c5	YBX1
3.19117189821106e-32	0.593297742459793	0.061	0.04	6.18161908402465e-28	c5	PPP1R18
3.58826471264065e-32	0.625215221129886	0.055	0.036	6.95082757485619e-28	c5	PEBP1
4.01691172079659e-32	1.22809835875831	0.015	0.007	7.78115969435508e-28	c5	TLK1
4.06000421288163e-32	0.625491255769758	0.055	0.036	7.864634160773e-28	c5	BUB3
4.32150583820799e-32	0.593957742947487	0.062	0.041	8.37118895919269e-28	c5	CSNK2B
5.43327069627457e-32	0.586060328184709	0.062	0.041	1.05247886657535e-27	c5	SPCS1
8.23882621092701e-32	0.671248438437407	0.048	0.03	1.59594302531867e-27	c5	NDUFA6
9.15478061239069e-32	0.749961194901233	0.039	0.023	1.7733725524262e-27	c5	UBE2N
1.14399096719928e-31	1.54196542149244	0.01	0.003	2.21602490256173e-27	c5	THADA
1.67830165278165e-31	1.49021209127376	0.01	0.004	3.25103813160334e-27	c5	CKS1B
2.73579548107998e-31	0.785623866897969	0.035	0.02	5.29950942640004e-27	c5	PSMB6
2.89762762666776e-31	0.886297659023777	0.032	0.018	5.61299447561813e-27	c5	ID3
4.02870661165155e-31	0.529178949804971	0.071	0.049	7.80400757743022e-27	c5	DBI
6.14208498096087e-31	0.941069331386346	0.024	0.013	1.18978328166193e-26	c5	TNIP1
7.50884002611367e-31	0.846918399899967	0.03	0.017	1.45453740145848e-26	c5	SDF4
1.36697694784345e-30	0.670401014336925	0.045	0.028	2.64797104566755e-26	c5	IL2RB
2.35280073563224e-30	0.803536686696575	0.035	0.021	4.55761030499321e-26	c5	CCND2
3.45071964306421e-30	0.687400968369162	0.043	0.027	6.68438902057968e-26	c5	SH3BGRL
3.89103794589538e-30	0.637699703596314	0.051	0.033	7.53732960499393e-26	c5	CD6
4.24228989712043e-30	0.61497948166327	0.053	0.034	8.21773975971199e-26	c5	SERBP1
4.46392472645838e-30	0.881072523458636	0.027	0.015	8.64706858762252e-26	c5	PCED1B
4.78155227496192e-30	1.04936341242336	0.019	0.009	9.26234491182873e-26	c5	CD58
5.35045584510568e-30	0.4003599360181	0.121	0.092	1.03643680175542e-25	c5	CD44
5.81522678805928e-30	0.541654885580491	0.067	0.046	1.12646758111496e-25	c5	TRAPPC1
6.62393594180895e-30	0.554442916176304	0.065	0.044	1.28312263128781e-25	c5	HNRNPF
9.02360608575191e-30	0.266260137315617	0.23	0.191	1.747962734871e-25	c5	PTPRC
1.09836085447601e-29	0.720675341414571	0.04	0.024	2.12763481120547e-25	c5	RORA
1.13740327216675e-29	0.569838769635804	0.06	0.041	2.20326387851421e-25	c5	ARF5
1.16641936320315e-29	0.678440181382607	0.046	0.029	2.25947094846083e-25	c5	SRI
1.55722099808553e-29	1.30809768082353	0.012	0.005	3.01649279539147e-25	c5	BCL2L1
2.06837782789092e-29	0.742267576691056	0.037	0.022	4.0066546904075e-25	c5	VCP
7.00635326515758e-29	0.801360347407877	0.032	0.019	1.35720069099367e-24	c5	CMTM7
8.9815951791364e-29	1.33679799307684	0.011	0.004	1.73982480215051e-24	c5	OAS1
9.78672520328364e-29	0.623031025707175	0.05	0.032	1.89578653912807e-24	c5	COX7B
1.05207031107076e-28	0.818795532604096	0.032	0.018	2.03796539957517e-24	c5	TPR
4.98621043874125e-28	0.646163778358851	0.045	0.029	9.65878824088568e-24	c5	TMBIM4
1.03146279725009e-27	0.637694336437247	0.046	0.029	1.99804658455315e-23	c5	ANXA11
1.33780916778627e-27	0.590112833856219	0.054	0.036	2.59147013891878e-23	c5	FAIM3
1.4298151926294e-27	1.3877148488869	0.01	0.004	2.7696950096424e-23	c5	MCM5
2.5351433346436e-27	0.872678681546666	0.025	0.014	4.91082615353812e-23	c5	GPRIN3
2.72136114358005e-27	0.751762979631046	0.033	0.02	5.27154867122891e-23	c5	CBX3
8.36675345095869e-27	0.372680892105905	0.117	0.09	1.62072381098521e-22	c5	ATP5I
1.21595057465687e-26	0.28728786650777	0.189	0.156	2.35541785816782e-22	c5	OST4
1.37375063547534e-26	0.713951857937039	0.036	0.022	2.66109235597928e-22	c5	ATP5A1
1.82209071281379e-26	1.42562098430602	0.01	0.004	3.52957191979159e-22	c5	IGFBP4
2.49298915467524e-26	0.847123897377828	0.028	0.016	4.8291692915214e-22	c5	HLA-J
4.73284477806421e-26	1.02899641014766	0.017	0.008	9.16799361958818e-22	c5	PBX4
5.35584016157867e-26	0.939334034121364	0.02	0.01	1.0374797976994e-21	c5	DUSP16
7.83515946940674e-26	1.26973720712477	0.011	0.005	1.51774874081878e-21	c5	GABPB1
9.0253603017499e-26	0.899949197790513	0.022	0.012	1.74830254405197e-21	c5	H2AFY
1.08970156815999e-25	1.2634746894029	0.012	0.005	2.11086090768271e-21	c5	LOC101059954
1.12177259315521e-25	0.4777180913134	0.075	0.054	2.17298569020096e-21	c5	CUTA
2.232420128652e-25	0.465438508329899	0.07	0.05	4.32442103121179e-21	c5	SEC61B
2.8145544665892e-25	0.688695439781104	0.037	0.023	5.45207345722994e-21	c5	PRKAR1A
2.85998824089122e-25	0.552618789005997	0.055	0.038	5.54008322143037e-21	c5	OXNAD1
6.05571965195509e-25	0.666090968599724	0.038	0.024	1.17305345378022e-20	c5	SELT
8.62350572569251e-25	1.78626315866784	0.012	0.005	1.6704592941239e-20	c5	CLU
1.2576556106704e-24	1.04740721545804	0.016	0.008	2.43620468342963e-20	c5	GTF3C6
1.39737976763145e-24	0.558480050092473	0.052	0.036	2.70686434787888e-20	c5	TMEM50A
2.30092784085559e-24	1.30585920862753	0.011	0.004	4.45712732052137e-20	c5	CYSLTR1
2.47169762185547e-24	0.554673888516209	0.052	0.035	4.78792546329623e-20	c5	RBX1
3.26479548694169e-24	0.690863024327968	0.034	0.021	6.32423533775474e-20	c5	AKIRIN2
3.34283044908763e-24	0.522357481501722	0.055	0.038	6.47539686292764e-20	c5	LOC100996809
6.37525642163968e-24	0.694353496075627	0.033	0.02	1.23495092143582e-19	c5	RAC1
6.55231881016054e-24	0.671361530378324	0.035	0.022	1.2692496767162e-19	c5	SH3KBP1
7.06446864534108e-24	1.09006605386288	0.014	0.007	1.36845822128902e-19	c5	TNIK
7.81257239622209e-24	0.68513073603302	0.035	0.022	1.51337339887218e-19	c5	ATP5C1
8.25819694819023e-24	0.594946910932885	0.046	0.03	1.59969533083393e-19	c5	IQGAP1
1.06781094330729e-23	1.20048258117657	0.012	0.005	2.06845657828056e-19	c5	MCM7
1.33987908134399e-23	1.26595169323933	0.011	0.005	2.59547976847145e-19	c5	IL10
1.48256069835956e-23	1.3408876159412	0.011	0.005	2.8718683287923e-19	c5	OTUD5
1.60904628119492e-23	0.223302752539627	0.259	0.223	3.11688355130267e-19	c5	HNRNPA1
1.64922856618156e-23	1.24337196749294	0.011	0.005	3.1947206555503e-19	c5	ASB2
1.86753988992728e-23	0.680693054013582	0.034	0.022	3.61761152077813e-19	c5	STAT3
2.07965843534381e-23	0.738914814421719	0.029	0.017	4.02850635510449e-19	c5	USP15
2.20526190927692e-23	0.864424313583799	0.022	0.012	4.27181284446033e-19	c5	ETHE1
2.68032733847563e-23	0.534591253859496	0.057	0.039	5.19206208736115e-19	c5	EIF5A
2.72028257346741e-23	0.882816842756244	0.021	0.011	5.26945937306372e-19	c5	NUTF2
2.77322945916769e-23	0.85683536510694	0.022	0.012	5.37202278535374e-19	c5	MDH1
4.23401029762114e-23	0.496876465651141	0.061	0.043	8.2017013475219e-19	c5	NDUFB8
4.78330812929747e-23	0.937363408161521	0.018	0.01	9.26574617726212e-19	c5	MX1
5.49254113686899e-23	0.524933470452123	0.054	0.038	1.06396014362289e-18	c5	OCIAD2
5.49294895753127e-23	0.588809837543322	0.045	0.03	1.06403914256338e-18	c5	TBCB
5.74784569110027e-23	0.942528857808987	0.018	0.009	1.11341518882303e-18	c5	TMPO
5.91410826708788e-23	1.14531474862524	0.012	0.006	1.14562191241759e-18	c5	TMEM106C
9.01577037200609e-23	0.583805588269818	0.044	0.029	1.7464448787613e-18	c5	NAP1L1
1.04384253983684e-22	0.469318809326671	0.07	0.051	2.02202738391795e-18	c5	SEPW1
1.55931612490139e-22	0.982537116436246	0.016	0.008	3.02055126554649e-18	c5	PPM1M
1.56828432934715e-22	0.486941023119075	0.064	0.046	3.03792357437837e-18	c5	ITGB1
1.71611909354637e-22	0.90449507660697	0.019	0.01	3.32429429610868e-18	c5	ANP32E
2.25682578267397e-22	0.448375585200629	0.07	0.051	4.37169722361774e-18	c5	ARF1
2.62430095499809e-22	0.818243766301684	0.023	0.013	5.0835333799268e-18	c5	YWHAE
2.9028468935401e-22	0.896943616031916	0.019	0.01	5.62310471747653e-18	c5	ANXA7
3.03424219040516e-22	0.630107304633008	0.038	0.024	5.87763054703384e-18	c5	SUMO1
3.74961594029609e-22	0.667529418659838	0.033	0.021	7.26338103794756e-18	c5	C14orf166
6.42563196398198e-22	0.846531581783727	0.021	0.012	1.24470916774295e-17	c5	SUSD3
7.22875596274482e-22	0.537139045584174	0.05	0.034	1.4002823175433e-17	c5	NDUFB4
1.3606438965556e-21	0.426079543252341	0.076	0.057	2.63570329201786e-17	c5	PET100
1.48704419358128e-21	1.20587417223174	0.01	0.004	2.8805533073863e-17	c5	ACTA2
1.61265854730067e-21	0.192496693850497	0.289	0.252	3.12388087197613e-17	c5	TMA7
1.68999484604808e-21	0.633724564696444	0.036	0.024	3.27368901627974e-17	c5	PA2G4
1.97081978205117e-21	0.692784352914902	0.03	0.018	3.81767499981131e-17	c5	LPXN
1.9948039666172e-21	0.998993626293752	0.015	0.008	3.86413476373417e-17	c5	MPRIP
2.26207544324212e-21	0.30649399321716	0.135	0.109	4.38186634110432e-17	c5	PPIB
2.82563800493792e-21	0.291770746579661	0.165	0.137	5.47354337936524e-17	c5	LOC101929876
3.02746247746041e-21	1.13529591862566	0.011	0.005	5.86449756508855e-17	c5	IRF4
3.42255129013188e-21	0.99003913239782	0.015	0.008	6.62982410411447e-17	c5	GRINA
4.32511444698154e-21	0.732713273645865	0.027	0.016	8.37817919524794e-17	c5	H3F3A
4.35436045926596e-21	0.643623888376797	0.034	0.022	8.43483164564409e-17	c5	XRCC6
4.64881601925549e-21	0.731859928322458	0.026	0.016	9.00522151089982e-17	c5	CLTA
6.30885820809353e-21	0.866705919334597	0.019	0.01	1.2220889234898e-16	c5	P2RY10
8.48747458784716e-21	0.591945767271944	0.039	0.026	1.64410870241187e-16	c5	DEF6
9.83242795591484e-21	1.24019361632173	0.011	0.005	1.90463961934026e-16	c5	FAM104A
1.03236956275314e-20	0.447103249045062	0.066	0.048	1.99980308000911e-16	c5	MYH9
1.07545533713734e-20	1.20790339277093	0.01	0.004	2.08326453356874e-16	c5	KDSR
1.13965569777827e-20	0.664622032232062	0.031	0.02	2.20762705216628e-16	c5	SNRPD1
1.7205872943999e-20	0.652111239192757	0.032	0.02	3.33294964798204e-16	c5	TMCO1
1.90557736846038e-20	0.933788764982057	0.016	0.008	3.6912939204446e-16	c5	TXNDC17
1.95242434247025e-20	0.217103148602938	0.023	0.014	3.78204119379913e-16	c5	MT1E
2.39447150990403e-20	0.640782518224817	0.033	0.021	4.63833076183509e-16	c5	PSMA1
2.42277394791883e-20	0.685689084542435	0.029	0.018	4.69315541451357e-16	c5	PPP4C
2.55562284933845e-20	0.959604525106489	0.015	0.008	4.95049702145351e-16	c5	IFNAR2
2.7854785576003e-20	0.424473376814459	0.075	0.056	5.39575051392754e-16	c5	SEC61G
2.98659025909133e-20	0.84495016820436	0.019	0.011	5.78532399088582e-16	c5	TMEM167A
3.81124405561897e-20	0.494415138793916	0.053	0.038	7.3827608601395e-16	c5	JAK1
3.98219157423825e-20	0.745471510080475	0.024	0.014	7.7139032984569e-16	c5	MRPL51
4.00395793182266e-20	0.206535331263161	0.258	0.225	7.75606690973366e-16	c5	PPDPF
4.57707467103507e-20	0.470898503696256	0.059	0.042	8.86625134526204e-16	c5	C11orf31
5.16044343669198e-20	0.719333609942519	0.026	0.016	9.99629498121604e-16	c5	PSMB2
6.55388809837686e-20	0.552701381250138	0.043	0.029	1.26955366353658e-15	c5	POMP
7.14433197021492e-20	0.479984198599129	0.056	0.04	1.38392854595033e-15	c5	DAD1
7.33301828308749e-20	0.296504062764578	0.135	0.11	1.42047897161688e-15	c5	LEPROTL1
8.63341506763283e-20	0.658725467189747	0.031	0.019	1.67237883275115e-15	c5	PSMA5
1.11637876511458e-19	0.836955079659536	0.02	0.011	2.16253730590345e-15	c5	SFT2D1
1.11713904316036e-19	0.248922939559374	0.176	0.147	2.16401004050593e-15	c5	C12orf57
1.31394764820076e-19	0.436924615489387	0.066	0.049	2.54524798932969e-15	c5	C19orf53
2.33798741504265e-19	0.76808258615635	0.022	0.013	4.52891542167911e-15	c5	RNF145
2.42818871216485e-19	0.544492961558953	0.044	0.031	4.70364435433453e-15	c5	CLEC2D
5.72328123712509e-19	0.528744776693104	0.044	0.031	1.1086568084435e-14	c5	EML4
5.84052437407871e-19	0.782155693914575	0.021	0.013	1.13136797650279e-14	c5	ILF2
6.91254613579224e-19	0.451017384985954	0.06	0.044	1.33902931196432e-14	c5	NHP2L1
7.24463765441928e-19	0.611443689280922	0.034	0.022	1.40335876003756e-14	c5	CTSA
8.02315825587429e-19	0.715755649736778	0.026	0.016	1.55416598574541e-14	c5	TALDO1
8.60610530294526e-19	0.516124413216497	0.046	0.033	1.66708865823353e-14	c5	SELPLG
8.75838100898765e-19	0.592135690568386	0.035	0.023	1.696585985251e-14	c5	MDH2
8.90451535648518e-19	0.359916589141476	0.089	0.069	1.72489366970474e-14	c5	PTGES3
8.96397184764656e-19	0.554229194687903	0.039	0.027	1.73641098660762e-14	c5	IFI27L2
9.28222393476846e-19	0.532930417039079	0.043	0.03	1.798059598404e-14	c5	BSG
9.98346905832347e-19	0.446004699203669	0.06	0.044	1.93389779128784e-14	c5	VAMP8
1.07148541305312e-18	0.181259022513947	0.3	0.267	2.07557439362519e-14	c5	SARAF
1.33299920586612e-18	1.06894037700768	0.011	0.005	2.58215276168326e-14	c5	MAPKAPK3
1.8989452563286e-18	0.568821000795245	0.033	0.021	3.67844685603413e-14	c5	TIMP1
1.99019798401635e-18	0.15593003622971	0.313	0.278	3.85521251483807e-14	c5	MYL12A
2.00717552305631e-18	0.926736672417011	0.015	0.008	3.88809970571238e-14	c5	NUDT5
4.0550072891628e-18	0.729707834025861	0.022	0.014	7.85495461983727e-14	c5	CHMP2A
4.07505584814269e-18	0.685044070042466	0.026	0.016	7.8937906834372e-14	c5	CAPZA2
4.40632623914952e-18	0.510227967429365	0.044	0.031	8.53549455785653e-14	c5	PRDX5
5.60138342833033e-18	0.536995747129774	0.042	0.029	1.08504398390187e-13	c5	CAPG
6.1055718216489e-18	0.488806357979085	0.048	0.034	1.18271031757161e-13	c5	RALY
7.9088639568662e-18	0.438734644027291	0.058	0.043	1.53202603708455e-13	c5	UQCRQ
1.00836156882021e-17	0.304434821039334	0.115	0.093	1.95329719496163e-13	c5	GSTK1
1.02332491810508e-17	0.636142764629406	0.029	0.018	1.98228269886135e-13	c5	GPI
1.12268625918793e-17	0.714984338981511	0.024	0.014	2.17475555267294e-13	c5	RILPL2
1.14361746626267e-17	0.408242460804435	0.065	0.049	2.21530139389742e-13	c5	ATP5D
1.54637272090731e-17	0.623154299005607	0.029	0.019	2.99547859766955e-13	c5	ATP5G1
1.56046530217191e-17	1.08303112518876	0.01	0.005	3.0227773368372e-13	c5	TRIB2
1.58324798561774e-17	0.424436138626668	0.064	0.048	3.06690967294013e-13	c5	ARF6
2.15317008584278e-17	1.06355961860713	0.011	0.005	4.17090577328606e-13	c5	RAB11FIP1
2.17160216972407e-17	0.8629305153603	0.016	0.009	4.2066105629725e-13	c5	CFAP20
2.36986730461382e-17	0.963916779089041	0.013	0.007	4.59066995576742e-13	c5	MIIP
2.5332990661443e-17	0.628516567580103	0.028	0.018	4.90725362102812e-13	c5	PSMC5
2.85930142321392e-17	0.682530097423421	0.024	0.015	5.53875278690769e-13	c5	PRNP
3.6892479228245e-17	1.11170046802003	0.01	0.004	7.14644215130334e-13	c5	FAAH2
3.87875809763652e-17	0.67902056381791	0.025	0.016	7.5135423109317e-13	c5	HNRNPR
5.40806954465839e-17	0.118805403510599	0.241	0.209	1.04759715149578e-12	c5	TNFAIP3
5.58164020086322e-17	0.902236827919663	0.014	0.008	1.08121952330921e-12	c5	TPP1
6.77767846183353e-17	1.04936341242336	0.01	0.005	1.31290409484177e-12	c5	FAM110A
6.86406913931059e-17	0.681383194370462	0.026	0.017	1.32963883297585e-12	c5	RAPGEF6
8.90614653436592e-17	0.634140297828613	0.028	0.018	1.72520964517202e-12	c5	SAMHD1
1.09717278136706e-16	0.735721476209489	0.021	0.013	2.12533339478613e-12	c5	TANK
1.25472471495013e-16	0.244943671478249	0.159	0.134	2.4305272453299e-12	c5	EVL
1.30592290265111e-16	0.369555879094926	0.074	0.057	2.52970325472546e-12	c5	HIGD2A
1.35045280124601e-16	0.638721974680711	0.027	0.017	2.61596212129364e-12	c5	ANP32A
1.43051097124539e-16	0.643973876841302	0.027	0.017	2.77104280239944e-12	c5	TMED9
1.87668230973702e-16	0.661273142416296	0.025	0.016	3.63532130219158e-12	c5	XRCC5
1.99772541964127e-16	0.392645071711589	0.061	0.046	3.86979391038711e-12	c5	CSTB
2.34234151824647e-16	0.278322974532895	0.14	0.117	4.53734975499524e-12	c5	EMP3
2.44148137504455e-16	0.617483392538513	0.028	0.018	4.72939357159881e-12	c5	VAMP5
2.69724786753724e-16	0.819253334366194	0.017	0.01	5.22483884420638e-12	c5	RELB
2.82164325099021e-16	0.512548271425683	0.04	0.028	5.46580514149314e-12	c5	OTUB1
3.58362474564947e-16	1.06282755446558	0.01	0.005	6.94183949479758e-12	c5	LGALS9
3.85887189490207e-16	0.337495645901354	0.085	0.067	7.4750207476148e-12	c5	UBE2D3
3.96654914697939e-16	0.944856111996452	0.012	0.006	7.68360235261378e-12	c5	CTSH
3.97477168701787e-16	0.625227830698235	0.027	0.017	7.69953023492232e-12	c5	RASSF5
4.52751356818847e-16	0.463410887369546	0.048	0.035	8.77024653293789e-12	c5	PAIP2
5.12423861641538e-16	0.526543678019621	0.037	0.025	9.92616262385824e-12	c5	EID1
5.2885210514656e-16	0.41794817576459	0.058	0.044	1.0244394128794e-11	c5	CDC37
5.93843016849755e-16	0.44850413518431	0.05	0.037	1.15033330793966e-11	c5	TMEM59
5.99831187340179e-16	0.648752983779799	0.026	0.016	1.16193299299666e-11	c5	AP2M1
6.39185239817366e-16	0.480751283578461	0.044	0.031	1.23816572805022e-11	c5	UBE2I
7.88163925497103e-16	0.504583895114578	0.04	0.028	1.52675234008044e-11	c5	ANAPC11
8.2346079999394e-16	0.733917084571645	0.02	0.012	1.59512591566826e-11	c5	NUDT21
1.08607440449463e-15	0.662593638167324	0.024	0.015	2.10383472894654e-11	c5	COMMD7
1.18435130733009e-15	0.798058299171676	0.017	0.01	2.29420691742911e-11	c5	TNFSF8
2.02465648963415e-15	0.332505755420899	0.092	0.073	3.9219620860703e-11	c5	APRT
2.73486748981032e-15	0.709838357488917	0.02	0.012	5.29771181451156e-11	c5	COPZ1
2.74787172366025e-15	0.48732833018319	0.042	0.03	5.32290231590228e-11	c5	ITGAE
2.92325673635901e-15	0.723135180102375	0.02	0.012	5.66264062400104e-11	c5	COX20
3.09349788314057e-15	0.606232233699039	0.026	0.017	5.9924147494316e-11	c5	NDUFA7
3.46328398125396e-15	0.78708781289159	0.017	0.01	6.70872740008705e-11	c5	FAM129A
3.74518435634019e-15	0.514125235931632	0.038	0.027	7.25479661666659e-11	c5	TCEA1
4.36224319076494e-15	0.856478509296532	0.014	0.008	8.45010128483077e-11	c5	SQRDL
4.85429489133701e-15	0.719716469874911	0.019	0.012	9.40325463400893e-11	c5	ARPP19
5.3320146529466e-15	0.568366588184628	0.03	0.02	1.03286455842229e-10	c5	GCHFR
6.80698482975858e-15	0.66625809287023	0.021	0.013	1.31858103137253e-10	c5	PDCL3
6.99646217572017e-15	0.70018272943075	0.02	0.012	1.35528468805875e-10	c5	ETFB
7.20736822850842e-15	0.52346283526601	0.035	0.024	1.39613929954437e-10	c5	ATP5F1
7.83026751904191e-15	0.232499276502185	0.18	0.156	1.51680112111361e-10	c5	NPM1
7.83073711730491e-15	0.147978877246411	0.27	0.24	1.51689208699313e-10	c5	NFKBIA
8.46732739552087e-15	0.530198889821555	0.035	0.024	1.64020598978635e-10	c5	NUCKS1
8.56846979809358e-15	0.460335149224972	0.046	0.034	1.65979828458871e-10	c5	PRELID1
8.7492776629751e-15	0.598599054343446	0.027	0.018	1.69482257609491e-10	c5	RER1
9.74134751322497e-15	0.322397555724101	0.082	0.065	1.88699642678681e-10	c5	USMG5
1.5092256961425e-14	0.619014199707268	0.025	0.016	2.92352109599764e-10	c5	PPP2CA
1.9267373101413e-14	0.645362086093299	0.022	0.014	3.73228284347472e-10	c5	TSPAN14
1.93961697981857e-14	0.846071286233367	0.014	0.008	3.75723205160656e-10	c5	REXO2
1.96070319257137e-14	0.172018313641829	0.205	0.179	3.79807815433e-10	c5	HSP90AB1
1.98100013558095e-14	1.00036346751892	0.01	0.005	3.83739536263386e-10	c5	TP53INP1
2.0291685032361e-14	0.547536970244868	0.032	0.022	3.93070230761865e-10	c5	NDUFAF3
2.04030658266309e-14	0.684942768452066	0.02	0.012	3.95227788127666e-10	c5	CLNS1A
2.04334442512115e-14	0.483901769388614	0.04	0.028	3.95816248590217e-10	c5	ECH1
2.2165643463251e-14	0.717781945608168	0.018	0.011	4.29370679526636e-10	c5	SNRPE
2.41518406945134e-14	0.893575521804101	0.012	0.006	4.67845306093419e-10	c5	NFYC
2.46599262836338e-14	0.631567940519298	0.024	0.015	4.7768743204027e-10	c5	DNAJA2
2.91881193987445e-14	0.808818541835488	0.014	0.008	5.65403060873081e-10	c5	CISD2
2.97993188071665e-14	0.423594620259296	0.051	0.038	5.77242604613623e-10	c5	ITGA4
3.20899591777572e-14	0.348331027719819	0.072	0.056	6.21614599232335e-10	c5	PRR13
3.31444493753301e-14	0.622179268901895	0.024	0.016	6.42041128849519e-10	c5	ACTN4
3.31997180373783e-14	0.502281633622117	0.036	0.026	6.43111738102055e-10	c5	NME3
3.41215395090696e-14	0.623145471916434	0.024	0.016	6.60968341830188e-10	c5	NDUFB3
3.57443081322926e-14	0.557943314900784	0.03	0.02	6.92402992830639e-10	c5	GDI2
4.12285024814595e-14	0.80015760032622	0.015	0.009	7.98637321568353e-10	c5	PARP1
4.6792791270187e-14	0.389657310463148	0.057	0.043	9.06423159694793e-10	c5	RNF213
4.68654401207913e-14	0.603753508226522	0.025	0.017	9.07830440579848e-10	c5	SURF4
5.0066501910154e-14	0.802486406386193	0.015	0.008	9.69838208501594e-10	c5	SLBP
5.3092173855077e-14	0.46779233696464	0.041	0.03	1.0284484997467e-09	c5	FIS1
5.976084517641e-14	0.510689560874409	0.034	0.024	1.15762733191224e-09	c5	ZNF706
6.13938505439447e-14	0.446617544904958	0.043	0.032	1.18926027888675e-09	c5	BLOC1S1
7.07611602527308e-14	0.287318260555362	0.099	0.081	1.37071443525565e-09	c5	LCP1
7.22643504580464e-14	0.315225860047143	0.08	0.064	1.39983273272282e-09	c5	NDUFA3
8.77314782242535e-14	0.501984855304889	0.034	0.024	1.69944646468201e-09	c5	DOK2
9.24682297111638e-14	0.837039634866943	0.013	0.007	1.79120207773495e-09	c5	DYNC1I2
1.14974792986477e-13	0.478699901029783	0.038	0.028	2.22717671494104e-09	c5	UBE2B
1.184237029202e-13	0.409354214301787	0.05	0.037	2.2939855492672e-09	c5	TRAF3IP3
1.24033533365826e-13	0.703530622162864	0.018	0.011	2.40265357482941e-09	c5	DNAJC15
1.44420557863343e-13	0.582935533271207	0.027	0.018	2.79757062637081e-09	c5	GATA3
2.802610543328e-13	0.298743049049903	0.085	0.069	5.42893688348066e-09	c5	C19orf43
2.80422077196824e-13	0.582091298647192	0.025	0.017	5.43205605737968e-09	c5	IRF9
2.84220147133069e-13	0.482736970711611	0.036	0.026	5.50562847011469e-09	c5	BHLHE40
3.16887809715803e-13	0.397858867068146	0.05	0.038	6.13843376200483e-09	c5	ITK
3.40140992474679e-13	0.310548424924745	0.084	0.068	6.58887116522701e-09	c5	SEPT1
3.87083496531645e-13	0.315826422740817	0.076	0.061	7.49819441131449e-09	c5	CD53
4.29910793838795e-13	0.6243121245165	0.021	0.014	8.32780198745129e-09	c5	NDUFAB1
4.62804846805581e-13	0.823797519107574	0.012	0.007	8.96499268747091e-09	c5	PFKL
5.26670600475916e-13	0.677685455925561	0.019	0.012	1.0202136201819e-08	c5	OBFC1
5.4700000385456e-13	0.432060586401684	0.043	0.031	1.05959370746667e-08	c5	DYNLT1
5.95185936542248e-13	0.352563821500467	0.064	0.05	1.15293467767599e-08	c5	NDUFB11
6.38640443827402e-13	0.929586057569801	0.01	0.005	1.23711040373806e-08	c5	OGDH
6.5674466703359e-13	0.448609954445804	0.04	0.03	1.27218009451077e-08	c5	IFI16
7.37219595186072e-13	0.332009825525608	0.071	0.057	1.42806807783494e-08	c5	ATP6V1G1
8.29482334387188e-13	0.435298405864543	0.045	0.034	1.60679022994142e-08	c5	GNB2
8.37826979987378e-13	0.168767788415699	0.22	0.196	1.62295464293355e-08	c5	CALM1
8.86965223129521e-13	0.63315381326471	0.021	0.013	1.71814033372419e-08	c5	FDFT1
1.15770104337356e-12	0.587417170244815	0.023	0.016	2.24258269111892e-08	c5	EIF3I
1.43418923649185e-12	0.702554302679922	0.016	0.01	2.77816797000837e-08	c5	NABP1
1.53291305225178e-12	0.725218494602864	0.016	0.01	2.96940587351692e-08	c5	NASP
1.68256788309785e-12	0.561520491873034	0.025	0.017	3.25930224634884e-08	c5	RBBP4
1.69428180341881e-12	0.563516787470506	0.024	0.016	3.28199328140258e-08	c5	SSNA1
1.69727111245165e-12	0.382714565631151	0.054	0.041	3.28778387193009e-08	c5	POLD4
1.86175407901546e-12	0.624249515591917	0.02	0.013	3.60640382646084e-08	c5	ATP6V0E2
2.07120828512119e-12	0.742184634105363	0.015	0.009	4.01213756910825e-08	c5	JAK3
2.11213778511519e-12	0.728488414596582	0.015	0.009	4.09142210354664e-08	c5	NECAP2
2.11429958341697e-12	0.503004391210419	0.031	0.022	4.09560972303701e-08	c5	NDUFS6
2.29889233706638e-12	0.47825225358547	0.033	0.024	4.45318434613128e-08	c5	NDUFA2
2.35413797051215e-12	0.364859330684154	0.055	0.043	4.56020066267908e-08	c5	SEPT9
2.48497085607716e-12	0.568052693725352	0.024	0.016	4.81363704530707e-08	c5	CHMP4A
2.54963165254691e-12	0.678047290573837	0.017	0.011	4.93889147414861e-08	c5	GSTO1
2.70207153566649e-12	0.625524383475953	0.02	0.013	5.23418277173955e-08	c5	NRBP1
2.76401999953263e-12	0.547285344702957	0.026	0.018	5.35418314109465e-08	c5	PPP2R1A
3.29887891099031e-12	0.530111610922693	0.027	0.019	6.39025833847932e-08	c5	PIN1
3.67227469719364e-12	0.45252287465986	0.037	0.027	7.11356331593379e-08	c5	SNRPD3
3.91503445598331e-12	0.695770280931194	0.016	0.01	7.58381324468527e-08	c5	TADA3
4.09794912932976e-12	0.839948845085125	0.011	0.006	7.93813725842468e-08	c5	GPR25
4.89734735040307e-12	0.435519309483001	0.04	0.03	9.48665155246579e-08	c5	MRPL41
6.10516989680092e-12	0.56884720453697	0.024	0.016	1.18263246070931e-07	c5	TWF2
6.66887854731759e-12	0.758250766964015	0.014	0.008	1.29182846340089e-07	c5	CHST11
6.78827916285621e-12	0.846985578547316	0.011	0.006	1.31495755663688e-07	c5	TESC
9.42900188917323e-12	0.754737177488204	0.014	0.008	1.82649195595175e-07	c5	NFKB2
9.44465422706196e-12	0.493733700246564	0.03	0.021	1.82952397032417e-07	c5	ARPC4
9.857259426204e-12	0.777733755349439	0.012	0.007	1.90944972344998e-07	c5	YIPF3
9.8721307383148e-12	0.672509107032407	0.015	0.009	1.91233044531896e-07	c5	TIFA
1.01427504582175e-11	0.377011179983514	0.051	0.039	1.96475219126132e-07	c5	CD164
1.03921238443216e-11	0.76801677878322	0.013	0.007	2.01305830988355e-07	c5	CHMP7
1.24890935338267e-11	0.709651950738753	0.014	0.009	2.41926230843756e-07	c5	MVP
1.26796181435881e-11	0.647186326869077	0.018	0.011	2.45616883059444e-07	c5	PSMD4
1.64292707475763e-11	0.579267399918022	0.022	0.015	3.182514036513e-07	c5	CMC2
1.69401516571001e-11	0.357692336483427	0.054	0.042	3.28147677749686e-07	c5	C14orf2
1.70215874027809e-11	0.434097884655475	0.038	0.028	3.2972516957927e-07	c5	MRPL57
1.84265098219618e-11	0.336386725254955	0.053	0.041	3.56939921761221e-07	c5	HLA-DRB4
1.92829689868436e-11	0.595379632904002	0.022	0.015	3.73530392244147e-07	c5	CLTB
1.99026159176095e-11	0.353045086877505	0.055	0.043	3.85533572940014e-07	c5	LSM7
2.19639677205825e-11	0.577953352513339	0.021	0.014	4.25464018715403e-07	c5	STARD7
2.20129636394902e-11	0.354989397391072	0.055	0.043	4.26413118660564e-07	c5	TSTD1
2.26102069980923e-11	0.437825676451166	0.036	0.027	4.37982319760046e-07	c5	G3BP2
2.85667094615698e-11	0.509136644500681	0.027	0.019	5.53365728980069e-07	c5	POLR2E
2.95689326187534e-11	0.74013133093665	0.013	0.007	5.72779793757872e-07	c5	CDK6
2.97291732668437e-11	0.454276402042599	0.034	0.025	5.75883815352029e-07	c5	PDE4B
3.02510179330118e-11	0.364416865207947	0.052	0.04	5.85992468380371e-07	c5	NEDD8
4.09433736920197e-11	0.275618501099713	0.093	0.077	7.93114091788114e-07	c5	RBM3
4.51376930930267e-11	0.839831404811473	0.01	0.006	8.74362252905021e-07	c5	VPS25
4.8307936757344e-11	0.85127412865286	0.01	0.006	9.3577304292651e-07	c5	GBP4
5.07795130773936e-11	0.222217031332089	0.128	0.11	9.83649947822191e-07	c5	LDHB
5.67022667905070e-11	0.499720295901805	0.027	0.019	1.09837960999891e-06	c5	MIEN1
5.89331576670048e-11	0.532570412601027	0.023	0.016	1.14159419716755e-06	c5	LDLRAD4
7.0331749938898e-11	0.422433641011378	0.038	0.029	1.36239632806639e-06	c5	MZT2A
1.21765323185562e-10	0.430148593857492	0.036	0.026	2.35871607542752e-06	c5	SLC3A2
1.5550640106248e-10	0.50937844510195	0.026	0.018	3.01231449498129e-06	c5	LSM2
1.81578094687232e-10	0.400712248975934	0.04	0.03	3.51734927218636e-06	c5	RNF167
1.93646221172859e-10	0.309049138380201	0.064	0.052	3.75112095033945e-06	c5	DRAP1
2.02360126079412e-10	0.278577420255975	0.079	0.065	3.91991800228429e-06	c5	TRMT112
2.15393028074796e-10	0.511631074908663	0.024	0.017	4.17237834683687e-06	c5	POLR2I
2.75799143345827e-10	0.380410593161931	0.044	0.034	5.34250520575202e-06	c5	FAM96B
2.820638475435e-10	0.462416986332015	0.022	0.015	5.46385879076514e-06	c5	PLIN2
3.07658224692006e-10	0.448259161624065	0.031	0.023	5.95964747050884e-06	c5	RHOF
3.08632210606953e-10	0.538285903228288	0.022	0.015	5.97851455166728e-06	c5	LSM4
3.24578563753472e-10	0.45724112012934	0.03	0.022	6.2874113584685e-06	c5	APBB1IP
3.63895546422279e-10	0.466011736758193	0.029	0.021	7.04902062974596e-06	c5	C17orf62
3.90468163686049e-10	0.513499791606267	0.024	0.017	7.56375879876246e-06	c5	LEF1
5.33127404106484e-10	0.3245858036121	0.059	0.047	1.03272109449467e-05	c5	EIF3H
5.58633310847718e-10	0.779592161822384	0.01	0.006	1.08212858644312e-05	c5	CNST
5.61813228894713e-10	0.560863751203498	0.02	0.013	1.08828840569195e-05	c5	C1orf43
8.15027164922682e-10	0.663132152246828	0.014	0.009	1.57878912117173e-05	c5	CCT6A
8.20361235846401e-10	0.575353925263714	0.05	0.04	1.58912174995806e-05	c5	LAG3
8.91612550938904e-10	0.560863751203498	0.019	0.013	1.72714267242375e-05	c5	KPNB1
9.37898699031382e-10	0.662593638167325	0.014	0.009	1.81680356989369e-05	c5	NEDD9
9.67026094402643e-10	0.454200172828896	0.029	0.021	1.87322624746736e-05	c5	TNFRSF14
1.02782408312541e-09	0.557684765216109	0.02	0.014	1.99099803142223e-05	c5	BTF3L4
1.28614573360264e-09	0.333991091580919	0.052	0.041	2.49139290056167e-05	c5	NME2
1.38766282303043e-09	0.497842868260133	0.024	0.017	2.68804165449224e-05	c5	RABGAP1L
1.79458119389561e-09	0.63171215233878	0.015	0.009	3.47628323069518e-05	c5	MESDC2
1.80414673244196e-09	0.497750235309877	0.023	0.017	3.49481263541332e-05	c5	SMAP2
1.84974328864214e-09	0.539369524272537	0.02	0.014	3.58313772442869e-05	c5	MPC2
1.9535962574113e-09	0.665737286974287	0.013	0.008	3.78431131023144e-05	c5	ECHS1
1.95375514315673e-09	0.561724633401627	0.021	0.015	3.7846190878089e-05	c5	SERPINB9
2.04735423577149e-09	0.708099851741095	0.012	0.007	3.96592989011296e-05	c5	UNC119
2.04956719176806e-09	0.234724494493312	0.094	0.08	3.97021660717391e-05	c5	CNBP
2.16496609843404e-09	0.520892458387334	0.021	0.015	4.19375582927659e-05	c5	EIF4H
2.53457233806484e-09	0.661207430959172	0.013	0.008	4.9097200760654e-05	c5	AHR
2.78303028131512e-09	0.458805402732056	0.027	0.02	5.39100795793551e-05	c5	UQCRFS1
2.96602630236688e-09	0.762192655883728	0.01	0.006	5.74548955031488e-05	c5	EML2
3.22750643748025e-09	0.74224400305008	0.01	0.006	6.252002720043e-05	c5	DDB2
3.56293187273144e-09	0.27935019542285	0.07	0.058	6.90175533066807e-05	c5	UQCRH
3.62853525918455e-09	0.31766746319518	0.054	0.044	7.02883565056639e-05	c5	HLA-G
3.63024201135038e-09	0.623168272041931	0.015	0.01	7.03214180018681e-05	c5	RAB10
3.75330175075307e-09	0.640453147161232	0.015	0.01	7.27052082138377e-05	c5	RGS16
4.59178321484037e-09	0.621929105285984	0.014	0.009	8.89474326546729e-05	c5	SMAP1
4.76451148665923e-09	0.499478899691766	0.022	0.016	9.22933520080759e-05	c5	DNAJC8
4.97149971671275e-09	0.32877124908828	0.05	0.04	9.63029210124428e-05	c5	FLT3LG
5.0046240260195e-09	0.507980924667065	0.021	0.015	9.69445720080238e-05	c5	MRFAP1
5.34757379631268e-09	0.400653373812749	0.035	0.027	0.000103587852008373	c5	CHURC1
5.77366736405063e-09	0.301943643958686	0.057	0.047	0.000111841710509025	c5	UBXN1
5.97771483083806e-09	0.393272138079941	0.041	0.032	0.000115794313988164	c5	LMNA
6.02379457910469e-09	0.35151674999145	0.042	0.033	0.000116686924791837	c5	C11orf58
7.2109482266908e-09	0.527816349091368	0.02	0.014	0.000139683278099227	c5	ERGIC3
7.22368576420905e-09	0.426326122361208	0.029	0.021	0.000139930016938494	c5	ZNHIT1
7.84913629212206e-09	0.346696607659251	0.042	0.033	0.000152045619114697	c5	FKBP8
7.93177420677838e-09	0.436770429674598	0.027	0.02	0.000153646398159504	c5	LAPTM4A
8.0675013034327e-09	0.405814331241116	0.031	0.024	0.000156275567748795	c5	MRPL52
8.87305643256864e-09	0.569137642716456	0.017	0.012	0.000171879976155287	c5	SH3BP1
1.01178091117061e-08	0.398872626710682	0.033	0.025	0.000195992080302859	c5	ATP5H
1.02653511620326e-08	0.617782179956147	0.014	0.009	0.000198850117359733	c5	HNRNPAB
1.07340809285408e-08	0.695206436521667	0.011	0.007	0.000207929881666763	c5	ASNA1
1.13953620962398e-08	0.553419735642185	0.017	0.012	0.00022073955916626	c5	DLGAP1-AS1
1.19760017986085e-08	0.330239420566589	0.046	0.036	0.000231987130840844	c5	NDUFB9
1.21589608457123e-08	0.668892135318388	0.012	0.007	0.000235531230542293	c5	ATXN10
1.22262437097582e-08	0.724771816739482	0.01	0.006	0.000236834566901726	c5	PAFAH1B3
1.23808855875728e-08	0.228952792557221	0.087	0.074	0.000239830134716874	c5	CD3G
1.28810317092869e-08	0.583259777411464	0.015	0.01	0.000249518465240597	c5	PLK3
1.36279051357112e-08	0.509325997018858	0.02	0.014	0.000263986150383862	c5	CMTM3
1.38379230771982e-08	0.429221461384609	0.028	0.021	0.000268054407928406	c5	OPTN
1.42142501296865e-08	0.599222576416898	0.015	0.01	0.000275344239262156	c5	UQCC2
1.79328165073449e-08	0.347603648651457	0.043	0.034	0.000347376588563779	c5	CKS2
1.8371883941772e-08	0.432297663328789	0.027	0.02	0.000355881763836066	c5	BANF1
1.87923497209639e-08	0.613744125284664	0.014	0.009	0.000364026606444792	c5	TMEM14A
1.89009368378315e-08	0.47443148165008	0.022	0.016	0.000366130047485634	c5	RPN2
2.21187759947696e-08	0.590030120249957	0.015	0.01	0.000428462809794683	c5	DCTN2
2.22399703730173e-08	0.721477862239601	0.01	0.006	0.000430810466095718	c5	ORMDL3
2.31585307782902e-08	0.479902415484066	0.022	0.016	0.00044860389970626	c5	SNX6
2.31929195742483e-08	0.420942047552807	0.029	0.021	0.000449270045072763	c5	SNX3
2.39310630037797e-08	0.302222000916092	0.056	0.046	0.000463568621446217	c5	C4orf3
2.60014963963978e-08	0.48195149549024	0.021	0.015	0.000503674986694621	c5	LAMTOR5
2.65949376028848e-08	0.49871697555329	0.021	0.015	0.000515170536305481	c5	NOP58
3.15701318014183e-08	0.377959804235871	0.035	0.027	0.000611545023125274	c5	TNFAIP8
3.41757148047971e-08	0.280990992412948	0.057	0.047	0.000662017771483724	c5	ARHGDIA
3.45472637655972e-08	0.272633905958905	0.059	0.049	0.000669215046403383	c5	PPP1R2
3.48988255340497e-08	0.26423464744232	0.067	0.056	0.000676025149420076	c5	NCL
3.54192690063204e-08	0.426195805400873	0.027	0.02	0.000686106659921433	c5	MRPS34
3.55612185908113e-08	0.361953642731389	0.036	0.028	0.000688856365322605	c5	SIVA1
3.71643020096916e-08	0.619512549028217	0.013	0.008	0.000719909694229737	c5	LMAN1
3.7576065954135e-08	0.498619586872957	0.02	0.014	0.00072788597359755	c5	RNF187
3.85081683208407e-08	0.290766315217195	0.048	0.039	0.000745941728543006	c5	HSPD1
3.97043536813921e-08	0.674636662411185	0.011	0.007	0.000769113035162246	c5	HSD17B10
4.16674636350011e-08	0.245157550103205	0.082	0.07	0.000807140438073606	c5	LIME1
4.28709873851609e-08	0.463186754142324	0.022	0.016	0.000830453896637953	c5	AP2S1
4.54005864222477e-08	0.353729651690885	0.037	0.029	0.000879454759585361	c5	JTB
4.63641677668446e-08	0.602006976057102	0.013	0.009	0.000898120293811546	c5	TIMM8B
4.73157508465082e-08	0.577795816938336	0.015	0.01	0.000916553409647709	c5	PTPN1
4.73600289877741e-08	0.447653140755508	0.023	0.017	0.000917411121522172	c5	PDCD6
4.76805364226051e-08	0.433462554617593	0.027	0.02	0.000923619671042284	c5	NHP2
5.13943333252938e-08	0.346271409730128	0.039	0.031	0.000995559630844267	c5	UBE2L6
5.19227915382336e-08	0.697198390918748	0.01	0.006	0.00100579639488712	c5	SMC3
5.26631673306864e-08	0.350276405418326	0.039	0.031	0.00102013821436273	c5	CCDC107
5.37690449172237e-08	0.452432408570186	0.023	0.017	0.00104156016909154	c5	R3HDM4
5.60138914841103e-08	0.577985757698388	0.014	0.01	0.0010850450919387	c5	PSMC3
6.51357938593323e-08	0.559322784367692	0.015	0.01	0.00126174546284913	c5	SLC7A5
6.93445554707107e-08	0.611281309185316	0.012	0.008	0.00134327338402314	c5	PSMB4
8.50100645599968e-08	0.672830098254309	0.01	0.007	0.0016467299605917	c5	GPS1
8.59101338065218e-08	0.520908888496674	0.017	0.012	0.00166416520196613	c5	EMC6
9.29069152753822e-08	0.228705422986163	0.081	0.069	0.00179969985579943	c5	SOCS1
9.40880321506798e-08	0.335216221221132	0.04	0.031	0.00182257927079082	c5	TOMM5
9.58010317104856e-08	0.443362070621258	0.023	0.017	0.00185576178526382	c5	ADRM1
1.11163386014371e-07	0.561724633401627	0.014	0.01	0.00215334595048437	c5	CISD3
1.14712643321095e-07	0.218130470615433	0.08	0.068	0.00222209861377293	c5	POLR2L
1.18303380214077e-07	0.438137907604688	0.023	0.017	0.00229165477812689	c5	RPN1
1.21674501192418e-07	0.531993692750366	0.016	0.011	0.00235695676259833	c5	IAH1
1.25784293738927e-07	0.64328187241316	0.011	0.007	0.00243656755401675	c5	BAD
1.46559280461883e-07	0.283954275522313	0.056	0.046	0.00283899982182713	c5	MRPS21
1.48708844461819e-07	0.636199543331093	0.011	0.007	0.00288063902606989	c5	TMEM120A
1.6746411505862e-07	0.352406577330503	0.036	0.028	0.00324394737280053	c5	DGUOK
1.77403566856548e-07	0.240534397010897	0.069	0.058	0.00343648449357819	c5	ETS1
1.84610278472593e-07	0.563435910238244	0.014	0.01	0.00357608570429261	c5	PSMA4
2.13724288322455e-07	0.627210760103839	0.011	0.007	0.00414005318909428	c5	LPAR2
2.16525117140707e-07	0.526277850873065	0.015	0.011	0.00419430804413264	c5	CCM2
2.21727213405024e-07	0.364100931347949	0.035	0.027	0.00429507785086873	c5	C10orf54
2.30670087276903e-07	0.435863567290698	0.022	0.016	0.0044683102606409	c5	FERMT3
2.56937786959494e-07	0.656238143127501	0.01	0.006	0.00497714187119235	c5	IL12RB1
2.68551414829808e-07	0.558859900725719	0.014	0.009	0.00520210945666821	c5	HCFC1R1
2.79465462394708e-07	0.548217694709323	0.014	0.009	0.00541352547204789	c5	YIF1A
2.80002218048759e-07	0.33329109076137	0.037	0.03	0.00542392296582251	c5	FAM46C
2.89593959833425e-07	0.535671849856712	0.015	0.01	0.00560972459593327	c5	DECR1
3.09208680597105e-07	0.384867259853555	0.027	0.021	0.00598968135184652	c5	FAM107B
3.20356351476949e-07	0.505025026798348	0.016	0.012	0.00620562288445998	c5	CCT8
3.48142613298036e-07	0.469715863145302	0.019	0.014	0.00674387056219626	c5	MEA1
3.52630727397899e-07	0.375576485177557	0.029	0.022	0.0068308098204247	c5	TUFM
3.56054170827367e-07	0.439756460247247	0.021	0.016	0.00689712534309693	c5	SYPL1
3.63252870838301e-07	0.355365589623429	0.032	0.025	0.00703657136100873	c5	TMEM219
4.42834312755607e-07	0.26989919386201	0.054	0.045	0.00857814347238886	c5	ELF1
4.50366629503503e-07	0.619137459568157	0.011	0.007	0.00872405198011236	c5	NUDT1
4.51917442615529e-07	0.397483999172294	0.026	0.02	0.00875409278090542	c5	POLR2K
4.79100435952625e-07	0.321804306151576	0.037	0.029	0.00928065454483829	c5	COX14
4.93974399573034e-07	0.500742758765926	0.017	0.012	0.00956877809412924	c5	PLEKHF1
5.20532286009039e-07	0.510102653259765	0.016	0.012	0.0100832309122811	c5	IPCEF1
5.67667413693109e-07	0.4481705641856	0.019	0.014	0.0109962854706492	c5	MAP4K1
6.05458923472689e-07	0.186241926879641	0.072	0.061	0.0117283448065895	c5	HERPUD1
6.08412100224217e-07	0.486627068778769	0.017	0.012	0.0117855507934433	c5	LRP10
6.50472799529485e-07	0.49728305677006	0.016	0.011	0.0126003085996856	c5	PPP1R7
7.05781686871529e-07	0.636257729422407	0.01	0.006	0.0136716970563884	c5	PSMD2
7.12248627019632e-07	0.364269069481085	0.031	0.024	0.0137969681539973	c5	SELM
8.84277587484838e-07	0.508155466356534	0.015	0.011	0.0171293411471688	c5	PSMG2
9.23285573013556e-07	0.347124105195848	0.031	0.024	0.0178849648348456	c5	LRRFIP1
9.90702840837175e-07	0.345025701810382	0.031	0.025	0.0191909047298569	c5	UBXN4
1.05082520779693e-06	0.466176536592058	0.018	0.013	0.0203555351002342	c5	SCAMP2
1.05240685077568e-06	0.324585803612099	0.034	0.027	0.0203861731063757	c5	MRPL33
1.05901194706735e-06	0.210285201409042	0.075	0.064	0.0205141204266416	c5	KRTCAP2
1.09196661430153e-06	0.501643036511765	0.015	0.011	0.0211524852856349	c5	TMEM14C
1.21596340557577e-06	0.543002713473528	0.013	0.009	0.0235544271294083	c5	CFDP1
1.23493424904362e-06	0.501623793932782	0.016	0.011	0.0239219113382241	c5	TRAPPC3
1.24660536853824e-06	0.351706839148367	0.03	0.024	0.0241479925939542	c5	SASH3
1.33156186926659e-06	0.303983378258528	0.039	0.031	0.025793684969563	c5	SP100
1.3361410351579e-06	0.445220261463153	0.019	0.014	0.0258823879920436	c5	THRAP3
1.35132672587228e-06	0.38384710151008	0.026	0.02	0.026176550006872	c5	C7orf73
1.36335361145221e-06	0.418686944719845	0.021	0.016	0.0264095228074407	c5	SUMO3
1.37060114118196e-06	0.446322732490926	0.019	0.014	0.0265499147058358	c5	CNPY2
1.40225530474373e-06	0.45836629179836	0.017	0.013	0.0271630875081909	c5	LAMTOR2
1.6207283916628e-06	0.186776964974099	0.095	0.084	0.0313951296749001	c5	GPSM3
1.62340941246144e-06	0.369659483526281	0.026	0.02	0.0314470637287905	c5	DCTN3
1.80345222773119e-06	0.267340873210133	0.047	0.039	0.0349346731033809	c5	EIF4G2
1.85870843660717e-06	0.483526623189392	0.016	0.012	0.0360050411255174	c5	CCT3
1.91519213884096e-06	0.195888177237506	0.073	0.063	0.0370991869214883	c5	CTSD
2.08297744979341e-06	0.509909224737527	0.014	0.01	0.0403493561799481	c5	EIF3J
2.08819235998908e-06	0.490427703156624	0.015	0.011	0.0404503742053484	c5	ADSL
2.30438252368234e-06	0.541194802503221	0.013	0.009	0.0446381938662506	c5	DNMT1
2.41623472921531e-06	0.509954748467038	0.014	0.01	0.0468048829396297	c5	SFXN1
2.4583848615615e-06	0.402724912857265	0.022	0.016	0.0476213731533079	c5	M6PR
2.5731483736125e-06	0.555641004914825	0.012	0.008	0.0498444571452477	c5	ORMDL2
