p_val	avg_log2FC	pct.1	pct.2	p_val_adj	cluster	gene
0	3.63904219375898	0.999	0.105	0	c8	GNLY
0	1.97385358618953	0.82	0.273	0	c8	NKG7
0	1.06305187532339	0.832	0.442	0	c8	CCL5
0	1.80076986235786	0.481	0.125	0	c8	GZMB
0	1.90057360027798	0.422	0.118	0	c8	GZMH
0	1.25016980775889	0.522	0.224	0	c8	CST7
0	1.83493822232676	0.422	0.128	0	c8	CTSW
0	1.1928562244883	0.461	0.218	0	c8	IFITM2
0	2.05873813715026	0.302	0.075	0	c8	PRF1
0	1.26014088377101	0.421	0.196	0	c8	GZMA
0	0.992370957829454	0.456	0.239	0	c8	HCST
0	2.02480689087679	0.286	0.073	0	c8	KLRD1
0	0.795337929723008	0.585	0.374	0	c8	IFITM1
0	0.677221976415851	0.609	0.419	0	c8	PFN1
0	3.04684187611718	0.213	0.026	0	c8	FGFBP2
0	1.98486761713513	0.237	0.062	0	c8	HOPX
0	0.818952949350015	0.439	0.268	0	c8	MYL12A
0	0.559643402857136	0.566	0.399	0	c8	SH3BGRL3
0	0.87292493316089	0.373	0.214	0	c8	CD7
0	0.467767105367731	0.857	0.71	0	c8	HLA-C
0	0.843393361371521	0.311	0.175	0	c8	CD99
0	1.60879860069727	0.171	0.051	0	c8	TYROBP
0	1.58176181986245	0.17	0.057	0	c8	LITAF
0	1.93430044960068	0.136	0.038	0	c8	KLRC2
0	3.00940109524527	0.098	0.012	0	c8	SPON2
0	2.11562575412148	0.108	0.025	0	c8	CLIC3
0	1.78226359408367	0.095	0.028	0	c8	KLRC3
0	2.4586327880335	0.066	0.012	0	c8	FCGR3A
0	2.86186742594666	0.063	0.009	0	c8	KLRF1
0	0.388095516348085	0.993	0.946	0	c8	B2M
0	2.25286045335865	0.058	0.012	0	c8	GPR56
0	2.84451473788607	0.049	0.004	0	c8	PTGDS
5.48289103238091e-299	1.84236924073415	0.07	0.019	1.06209082188251e-294	c8	PLAC8
1.49427669586492e-298	1.36041999323654	0.132	0.052	2.89456338755993e-294	c8	RAP1B
6.75483346431623e-292	0.412371395599789	0.776	0.631	1.3084787903727e-287	c8	HLA-A
5.49403668850781e-278	1.35985259374927	0.127	0.051	1.06424984693085e-273	c8	ZNF683
2.9156050704049e-272	1.27864147208933	0.138	0.058	5.64781858188132e-268	c8	CD247
1.44158113963569e-270	2.59906366153496	0.035	0.006	2.7924868255883e-266	c8	S1PR5
3.61260543577931e-265	0.922081513492673	0.239	0.129	6.9979779896481e-261	c8	IFITM3
2.2269858147762e-258	0.206081412218426	0.895	0.82	4.31389422180298e-254	c8	COX2
3.25062474013835e-250	3.06416689867616	0.024	0.003	6.29678518412199e-246	c8	PRSS23
1.43007235257099e-242	1.29426964705043	0.127	0.054	2.77019315416526e-238	c8	LOC101060038
3.41507203580011e-242	1.36022534462357	0.104	0.04	6.6153360405484e-238	c8	C12orf75
4.53421080237941e-228	0.57701684827548	0.427	0.292	8.78321974528915e-224	c8	CFL1
4.75229219644269e-223	1.0490130845453	0.157	0.076	9.20566521372914e-219	c8	GZMM
6.047071942916e-203	0.173538941596612	0.86	0.766	1.17137830606226e-198	c8	COX1
1.0679213702701e-196	0.992730123569892	0.159	0.081	2.06867048635022e-192	c8	ITGB2
4.59054075465773e-196	1.45139964243195	0.071	0.025	8.8923364958475e-192	c8	FCER1G
1.56848424661343e-195	0.246088059110027	0.947	0.866	3.03831083411487e-191	c8	TMSB4X
1.05157741479225e-186	2.52574698389203	0.025	0.004	2.03701061019407e-182	c8	TTC38
1.3525114520673e-184	2.45902087009122	0.026	0.005	2.61994993379957e-180	c8	CX3CR1
1.54167923763528e-182	0.666426093371932	0.294	0.189	2.9863868512233e-178	c8	CALM1
3.86825247894012e-178	0.43030824428129	0.502	0.374	7.4931918769549e-174	c8	S100A4
1.95287521351882e-161	0.287010047864158	0.834	0.747	3.78291457610731e-157	c8	ACTB
2.0079468627459e-151	0.242082514443822	0.7	0.603	3.88959386782508e-147	c8	ATP6
1.02367786384846e-148	1.13728649806081	0.092	0.042	1.98296639006086e-144	c8	CD63
8.31765822940901e-145	1.26519291134544	0.073	0.03	1.61121357561882e-140	c8	KLRG1
1.30442588335195e-143	1.26471987383178	0.072	0.03	2.52680337864106e-139	c8	KLRK1
3.10865306327771e-143	1.38753084217706	0.064	0.025	6.02177184887525e-139	c8	KLRC1
1.6987651400254e-136	0.246575373033443	0.771	0.673	3.2906779527432e-132	c8	TMSB10
1.98500996050131e-136	2.36687717095872	0.02	0.004	3.84516279448709e-132	c8	SH2D1B
3.97673460688712e-135	1.1391553063226	0.084	0.038	7.70333260700105e-131	c8	LYAR
6.39492225377862e-135	0.518953575884784	0.361	0.263	1.23876038977946e-130	c8	CD52
1.44245880448475e-130	0.192861412588831	0.607	0.507	2.79418695016741e-126	c8	ATP8
1.14814706651204e-128	1.06784630836607	0.091	0.044	2.22407568254048e-124	c8	ITGB1
3.64899594000043e-126	0.496510587078338	0.34	0.246	7.06847003537484e-122	c8	PPIA
2.86655059734028e-122	0.468032945692731	0.35	0.255	5.55279516210785e-118	c8	PTPRCAP
2.5924159901265e-119	0.664721845543149	0.198	0.126	5.02176901447405e-115	c8	ARPC2
1.50297507068636e-117	1.96313064207749	0.026	0.007	2.91141300942654e-113	c8	KIR2DL4
3.57292358504469e-117	1.32813024858067	0.054	0.021	6.92111027659007e-113	c8	DSTN
3.43770150391314e-116	0.576961988573534	0.245	0.165	6.65917158323014e-112	c8	CYBA
2.11436806269948e-115	1.2394891585754	0.061	0.026	4.09574237425517e-111	c8	BIN2
5.20145459970957e-114	1.56863907808526	0.039	0.013	1.00757377050974e-109	c8	TPST2
4.28475307502653e-112	2.11400406252562	0.021	0.005	8.29999518163388e-108	c8	C1orf21
5.79955585436311e-111	0.678434599942746	0.171	0.106	1.12343196454868e-106	c8	LOC101929531
3.49123683005167e-108	1.73082217654082	0.03	0.009	6.76287486349308e-104	c8	TARP
4.13812333834125e-107	1.14932093388317	0.066	0.03	8.01595871870084e-103	c8	GPR65
2.90937018090996e-103	1.05705456748949	0.079	0.039	5.63574097744068e-99	c8	CMC1
1.17760799132503e-101	0.529654296349801	0.256	0.179	2.28114443999571e-97	c8	RAC2
9.13194739680083e-101	1.45728639297359	0.038	0.014	1.76894953023429e-96	c8	PLEK
4.55178916712465e-100	1.2631715235181	0.051	0.021	8.81727079563715e-96	c8	MATK
5.52301916444137e-99	0.602321124233403	0.198	0.131	1.06986404234394e-94	c8	RARRES3
2.26349876173954e-97	0.562524958129469	0.221	0.151	4.38462345136566e-93	c8	CLIC1
1.05529820986173e-96	1.4508132835742	0.038	0.014	2.04421816232315e-92	c8	ZEB2
1.77840192938236e-94	0.276576201567162	0.571	0.473	3.44494237740657e-90	c8	RPS26
1.82954398009361e-92	0.599998819678265	0.173	0.112	3.54400964383934e-88	c8	LGALS1
4.39003287021987e-92	0.985679625295572	0.076	0.039	8.50393267290292e-88	c8	FLNA
1.51041750593626e-91	1.12841148634665	0.059	0.027	2.92582975074914e-87	c8	IL2RB
2.03982309518046e-91	0.384205028838559	0.364	0.28	3.95134131767407e-87	c8	SERF2
7.32204053527728e-88	1.26988405609939	0.043	0.018	1.41835247208856e-83	c8	NCR3
1.02660281259206e-87	0.956198822560841	0.077	0.04	1.98863230827209e-83	c8	SLC9A3R1
2.74807562746921e-87	0.819681079653758	0.102	0.058	5.32329729797061e-83	c8	CCND3
2.20319148568984e-86	2.65320789307429	0.01	0.002	4.26780222692978e-82	c8	MYOM2
2.32140687112454e-83	1.20917212349888	0.046	0.02	4.49679725005535e-79	c8	APMAP
9.53403986077322e-82	1.53975837638839	0.029	0.01	1.84683886143038e-77	c8	STARD3NL
5.47896116530491e-78	1.74726212028756	0.021	0.006	1.06132956733121e-73	c8	FCRL6
1.64920863495788e-75	0.762048485889105	0.1	0.059	3.19468204677691e-71	c8	GSTP1
9.88055435966788e-75	1.07903726429465	0.049	0.023	1.91396218501126e-70	c8	RPS4Y1
1.35242040725615e-74	0.701251463541813	0.115	0.071	2.61977357089588e-70	c8	CALR
9.22079533091591e-71	1.71520025734472	0.02	0.006	1.78616026355172e-66	c8	CD300A
2.09394170582292e-70	0.476317274636282	0.21	0.151	4.05617447834958e-66	c8	CD8A
4.7945956574598e-69	1.77490631479127	0.018	0.005	9.28761124806538e-65	c8	CD160
6.33984902487576e-69	0.801844931533274	0.083	0.048	1.22809215460868e-64	c8	SEPT7
2.21540016858666e-68	2.42844978253712	0.01	0.002	4.29145166656922e-64	c8	KIR2DS5
5.29891198617328e-68	0.557533472559685	0.158	0.107	1.02645224084163e-63	c8	PPIB
7.84791092625874e-68	0.99550505835805	0.055	0.028	1.52021882552558e-63	c8	HMGN3
1.25379214190438e-66	0.395364745293407	0.118	0.075	2.42872075808298e-62	c8	XCL1
6.07368798927631e-62	1.44075804157465	0.024	0.009	1.17653410040271e-57	c8	EFHD2
1.49136405936339e-61	0.527309543872453	0.164	0.115	2.88892131939282e-57	c8	EMP3
4.07113999224595e-61	0.344051908071846	0.107	0.067	7.88620527897963e-57	c8	XCL2
5.54346558901607e-61	1.56906602157198	0.02	0.007	1.0738247192483e-56	c8	PXN
8.66164531843762e-58	0.323012958837704	0.316	0.251	1.67784731463455e-53	c8	TMA7
9.28747103244224e-56	0.472516987140848	0.199	0.148	1.79907601369439e-51	c8	KLRB1
1.09113813794215e-55	0.244444323591098	0.464	0.396	2.11364368700773e-51	c8	ACTG1
7.57388281103628e-55	1.33953689886223	0.025	0.01	1.46713683932584e-50	c8	CD320
4.53091550790321e-54	0.861756237005608	0.058	0.032	8.7768364303593e-50	c8	ARPC5L
2.73829501380537e-53	0.422920426625585	0.186	0.136	5.30435127124239e-49	c8	IL2RG
6.91548208194897e-53	0.81216860845324	0.063	0.036	1.33959803409434e-48	c8	SYTL3
1.65910118019475e-51	1.32471832235689	0.024	0.01	3.21384489615526e-47	c8	PTGDR
2.35200246001262e-51	0.827615116738411	0.059	0.033	4.55606396529045e-47	c8	RUNX3
3.79651674663571e-51	0.193336275743387	0.442	0.372	7.35423258990803e-47	c8	ND4
1.32250897776979e-49	1.02428830047734	0.038	0.019	2.56183214083787e-45	c8	AOAH
4.3805192524704e-49	1.31442437640777	0.021	0.008	8.48550384396042e-45	c8	LAIR2
2.76399848013005e-48	1.0264325740817	0.037	0.018	5.35414145585992e-44	c8	ABI3
4.39924335414333e-48	0.441551856475606	0.167	0.123	8.52177430131104e-44	c8	LSP1
5.52626406823807e-48	1.19575911921072	0.028	0.012	1.0704926126584e-43	c8	SYNE1
1.10903812375977e-47	0.674932893920047	0.078	0.049	2.14831774953506e-43	c8	DBI
3.86508330988322e-47	1.65342953683094	0.014	0.005	7.48705287957479e-43	c8	TGFBR3
5.22218091762433e-47	0.994299992497879	0.037	0.019	1.01158866555301e-42	c8	RASSF1
1.52238520742236e-46	0.830054862226642	0.053	0.03	2.94901238529786e-42	c8	DHRS7
5.75819982671384e-46	1.40359987460624	0.019	0.007	1.11542088843274e-41	c8	ADRB2
9.04885170006977e-46	0.924016269789987	0.043	0.023	1.75285306282051e-41	c8	KLRC4
2.51411799630401e-44	1.42663883887911	0.018	0.007	4.87009797064051e-40	c8	UBE2F
4.77501700420453e-44	0.717906060468578	0.066	0.04	9.24968543884459e-40	c8	PDIA3
5.32216688188144e-44	1.23635114298926	0.023	0.01	1.03095694668925e-39	c8	TBX21
1.14686870190172e-43	0.188425900640568	0.275	0.219	2.22159936245383e-39	c8	ND5
6.8473900653477e-43	0.128461205673085	0.451	0.381	1.3264079295585e-38	c8	IL32
1.47275618860898e-41	0.958512075720222	0.036	0.019	2.85287601295446e-37	c8	SAMD3
1.5697164628232e-40	0.699206035748649	0.065	0.04	3.04069776013483e-36	c8	APOBEC3G
1.90530708595597e-40	0.720512892853466	0.06	0.037	3.69077035620531e-36	c8	RHOC
2.43258505895963e-40	0.908320087924366	0.039	0.021	4.7121605177107e-36	c8	PYHIN1
2.63400543787341e-40	0.823067055609993	0.046	0.026	5.10233193370459e-36	c8	NDUFB7
3.09945164975138e-40	0.607703123496689	0.082	0.053	6.00394779073341e-36	c8	PPP1CA
4.42164283606745e-40	0.501047117073421	0.111	0.077	8.56516433774626e-36	c8	CLEC2B
2.30464372767132e-39	1.21419803478467	0.022	0.009	4.46432536487212e-35	c8	MAPK1
3.45801370442422e-39	0.744202297607215	0.055	0.033	6.69851834684016e-35	c8	ARL4C
8.40954784540454e-39	0.611073793330165	0.077	0.05	1.62901351313331e-34	c8	GNG2
7.9120537638724e-38	0.366270461649014	0.189	0.147	1.53264393459972e-33	c8	PSME1
1.60001119133295e-37	0.578461800689955	0.084	0.056	3.09938167873105e-33	c8	NDUFB2
3.50354046363138e-37	0.439349779800244	0.127	0.092	6.78670823210035e-33	c8	LY6E
1.26981236782651e-36	0.941359835138978	0.033	0.017	2.45975353771673e-32	c8	CHST12
6.68212612473658e-36	0.475521891496117	0.113	0.081	1.29439465162272e-31	c8	C9orf142
1.1937313411268e-35	1.39276111661736	0.015	0.006	2.31237698089672e-31	c8	GNPTAB
7.12692416827455e-35	0.255956512339847	0.283	0.234	1.38055648063646e-30	c8	MYL6
7.61736641145134e-35	0.771406682585074	0.045	0.027	1.47556004756224e-30	c8	C5orf56
1.47520388462012e-34	1.00757157438208	0.027	0.014	2.85761744489764e-30	c8	SLA2
1.73497851235358e-34	1.42084812557403	0.014	0.005	3.36082687628012e-30	c8	LPCAT1
4.57918230139902e-34	0.364022348743311	0.174	0.135	8.87033403604003e-30	c8	SRP14
4.9829916834493e-34	0.503031807858972	0.089	0.061	9.65255319000964e-30	c8	CTSD
1.20704153300135e-33	0.764565152305005	0.045	0.026	2.33816015357692e-29	c8	MBP
3.11732385264006e-33	0.524459438031574	0.085	0.058	6.03856803494906e-29	c8	ID2
9.53381362018993e-33	0.406266058954756	0.133	0.1	1.84679503636699e-28	c8	PSMB9
2.98967490378079e-32	0.822415126377658	0.036	0.02	5.79129925611377e-28	c8	PTGER2
3.48987378606409e-32	0.966951145152344	0.026	0.013	6.76023451098474e-28	c8	MTRNR2L8
4.76323959765306e-31	0.619098674796955	0.062	0.04	9.22687142461375e-27	c8	PPP1R18
5.44599090390211e-31	0.909279293245656	0.03	0.016	1.05494289799488e-26	c8	TRG-AS1
1.23401138615764e-30	1.03995988826171	0.022	0.011	2.39040345612597e-26	c8	PTPN4
1.42857411573454e-30	0.431115880915019	0.115	0.085	2.76729091958937e-26	c8	GUK1
6.70981827390505e-30	0.365905525339645	0.156	0.121	1.29975889783815e-25	c8	MYL12B
7.34020617436956e-29	0.532085133785349	0.073	0.05	1.42187133803713e-24	c8	SH2D2A
2.74289186691973e-28	0.686532607635046	0.046	0.029	5.3132558354102e-24	c8	CD47
3.11212019654747e-28	1.23994705447154	0.014	0.006	6.02848803273211e-24	c8	FGR
4.47166364112009e-28	0.588824384749312	0.061	0.041	8.66205963921372e-24	c8	PSMB10
2.03626131472677e-27	0.629940634387068	0.052	0.033	3.94444179275722e-23	c8	OSTF1
2.20975618429998e-27	0.25686454453919	0.265	0.224	4.28051870460749e-23	c8	CD3D
6.39649986605757e-27	1.23243956694444	0.014	0.006	1.23906598905401e-22	c8	KRT86
1.21094977820686e-26	1.13944497653105	0.016	0.007	2.3457308153645e-22	c8	LOC100130872
1.71737373508615e-26	0.426373541543295	0.104	0.077	3.32672466223538e-22	c8	TPM3
2.08637382110958e-26	1.39329668786838	0.011	0.004	4.04151472887136e-22	c8	KIR3DL2
3.14434673698394e-26	0.79896957768146	0.032	0.018	6.09091406421158e-22	c8	NDUFA12
4.13559748077778e-26	0.480669303833071	0.084	0.061	8.01106588001464e-22	c8	CD53
9.32177046160862e-26	1.16216526780583	0.015	0.007	1.80572015611821e-21	c8	TXK
1.31211488845265e-25	1.08466373411801	0.017	0.008	2.54169775042163e-21	c8	S1PR1
1.58622231628649e-25	0.403159941730449	0.087	0.063	3.07267124887857e-21	c8	LINC00861
1.6751339549304e-25	0.619907094805141	0.05	0.032	3.24490198409567e-21	c8	SELPLG
4.63286800062802e-25	0.439785473108222	0.078	0.056	8.97432860401653e-21	c8	CTSC
5.90865791457611e-25	0.619012279476156	0.048	0.031	1.14456612463254e-20	c8	SUN2
2.00683180796415e-24	0.253513563932316	0.268	0.23	3.88743389520736e-20	c8	HLA-H
6.01503089944999e-24	0.637942229414413	0.043	0.028	1.16517163553246e-19	c8	LOC374443
7.75601810899379e-24	0.840978667302745	0.027	0.015	1.50241826789319e-19	c8	C20orf24
8.01822602328007e-24	1.34501522749314	0.01	0.004	1.55321056296958e-19	c8	TSPAN32
2.3227986516055e-23	0.506752519871176	0.064	0.045	4.49949326802502e-19	c8	YWHAQ
2.72453830808027e-23	0.679482747235016	0.038	0.024	5.2777031565823e-19	c8	DOK2
3.61613683141456e-23	0.789772592128879	0.028	0.016	7.00481865613314e-19	c8	SCP2
9.82284435969813e-23	0.416073427060372	0.097	0.073	1.90278318091712e-18	c8	CD3G
1.01572237478884e-22	0.151002717224599	0.294	0.252	1.96755581220345e-18	c8	S100A6
1.11295136686605e-22	0.19945928582995	0.292	0.252	2.15589809275623e-18	c8	ARHGDIB
2.24237649901365e-22	0.546410107570469	0.055	0.038	4.34370751623935e-18	c8	CAP1
3.95442534285911e-22	0.633447612947747	0.041	0.027	7.66011733165239e-18	c8	FAM49B
5.30204208667886e-22	0.447724800698978	0.075	0.055	1.02705857261056e-17	c8	AES
7.71142662079683e-22	0.331984773271055	0.128	0.101	1.49378045071455e-17	c8	SUB1
7.825443970716e-22	0.923643350349484	0.02	0.01	1.5158667515674e-17	c8	TES
8.42490610109265e-22	0.106104059622889	0.694	0.65	1.63198856084266e-17	c8	RPL26
3.21421369336299e-21	0.554536282409451	0.049	0.033	6.22625334541344e-17	c8	CDK2AP2
2.27239064510105e-20	0.89599656142404	0.02	0.011	4.40184791862524e-16	c8	RNF125
3.28692464170625e-20	0.793991725284734	0.025	0.014	6.36710172344918e-16	c8	AGTRAP
3.80015814739181e-20	0.548756961938535	0.049	0.034	7.36128634731267e-16	c8	PRELID1
5.15735137170559e-19	0.496366194395585	0.056	0.04	9.99030534213089e-15	c8	MSN
5.35704093987976e-19	0.403793844233522	0.081	0.061	1.03771240046411e-14	c8	PSMB8
1.88394719441808e-18	0.708150581957914	0.029	0.018	3.64939411030726e-14	c8	ACP5
5.37965777445384e-18	0.462632986803811	0.055	0.039	1.04209350748945e-13	c8	HSP90B1
1.44239122801335e-17	0.167451493469442	0.108	0.085	2.79405604778466e-13	c8	IFNG
1.52484983480474e-17	0.470615914440004	0.054	0.039	2.95378661500026e-13	c8	MTRNR2L2
1.58759984926141e-17	0.630929220584091	0.032	0.021	3.07533966800427e-13	c8	GLIPR2
4.25845556876996e-17	1.04434067499747	0.012	0.006	8.24905428226428e-13	c8	SH3BP5
4.34959736030789e-17	0.26098324171219	0.159	0.133	8.42560504665242e-13	c8	RHOA
4.44454794665639e-17	0.52855287464533	0.045	0.031	8.60953382746809e-13	c8	PRDX5
4.70009586201407e-17	0.188429005738691	0.258	0.225	9.10455569430745e-13	c8	PPDPF
5.95096852182507e-17	0.434489238986964	0.063	0.046	1.15276211236273e-12	c8	TRAPPC1
1.00353044555936e-16	0.917184124111976	0.015	0.008	1.94393882609304e-12	c8	LAIR1
1.97162995038019e-16	0.970976512645845	0.013	0.007	3.81924437688146e-12	c8	RAB29
4.28718476677286e-16	0.455556223895917	0.054	0.039	8.30470561171571e-12	c8	ZAP70
5.84883717775931e-16	0.878672124198993	0.015	0.008	1.13297824970376e-11	c8	MYBL1
6.60690439731959e-16	0.90462481987546	0.015	0.008	1.27982345080478e-11	c8	HAVCR2
6.71369556175554e-16	0.235835717705282	0.172	0.145	1.30050996726767e-11	c8	YWHAZ
2.15614893933207e-15	0.322424772569614	0.099	0.079	4.17667611038015e-11	c8	VAMP2
2.42966100056617e-15	0.329060641428797	0.098	0.079	4.70649632419673e-11	c8	COX6C
2.9592586615764e-15	0.32963231793113	0.094	0.075	5.73237995333964e-11	c8	SSR2
3.11412277570186e-15	0.380490104278755	0.071	0.054	6.03236722881207e-11	c8	RABAC1
3.1994765098171e-15	0.500073841448359	0.043	0.03	6.19770594716671e-11	c8	BSG
4.19174568550881e-15	0.202526215776867	0.223	0.194	8.11983056739912e-11	c8	CORO1A
1.04428568570944e-14	0.321079660713241	0.101	0.081	2.02288580178775e-10	c8	LCP1
1.13563926760055e-14	0.44957530340663	0.052	0.038	2.19984682526903e-10	c8	JAK1
1.16144749623404e-14	0.53838380956996	0.037	0.025	2.24983994495495e-10	c8	PRMT2
3.65395944967491e-14	0.71839206183443	0.02	0.012	7.07808484996526e-10	c8	PLEKHF1
3.72768411954259e-14	0.26952968490732	0.094	0.075	7.22089690796595e-10	c8	UCP2
5.39415931189918e-14	0.686520286964816	0.021	0.013	1.04490260030799e-09	c8	ITGB7
5.97949414595236e-14	0.269478704506237	0.127	0.105	1.15828781101243e-09	c8	ARPC3
8.909318921714e-14	0.892069198137849	0.013	0.007	1.72582416832522e-09	c8	HSH2D
1.08447552622588e-13	0.770859481728565	0.017	0.01	2.10073754185214e-09	c8	STK38
2.09707178427009e-13	0.388670862023729	0.064	0.049	4.06223775330959e-09	c8	PIK3R1
2.20994568996249e-13	0.633437371880117	0.027	0.018	4.28088579602634e-09	c8	MAP3K8
2.48857340671168e-13	0.769304015226525	0.016	0.009	4.8206155461412e-09	c8	TMIGD2
2.54140783416027e-13	0.649695839454675	0.023	0.014	4.92296111555186e-09	c8	MYO1G
2.7800593246488e-13	0.255974566290194	0.125	0.104	5.3852529177772e-09	c8	SUMO2
3.77525838670023e-13	0.627230649376633	0.024	0.016	7.31305302087702e-09	c8	SDF2L1
4.22800381189831e-13	0.567482747851089	0.029	0.02	8.19006618402822e-09	c8	TGFB1
4.27036136062879e-13	0.88189079411731	0.014	0.008	8.27211699167402e-09	c8	CSF1
4.73097388533938e-13	0.549563442893012	0.03	0.021	9.16436951329092e-09	c8	PTMS
5.70615863310511e-13	0.638619643104946	0.023	0.015	1.10533998881879e-08	c8	ADD3
5.97532808724872e-13	0.347527629508486	0.072	0.056	1.15748080378095e-08	c8	PRR13
6.08098953009917e-13	0.904851942560621	0.012	0.006	1.17794848187551e-08	c8	GALNT2
9.76686155770756e-13	0.36203577865184	0.068	0.053	1.89193875234353e-08	c8	ACTR3
1.01347169324543e-12	0.921155676421945	0.011	0.006	1.96319601698572e-08	c8	KLF3
1.06249000478604e-12	0.667953729677069	0.021	0.013	2.05814938827104e-08	c8	ARIH2
1.16408718421913e-12	0.567537610998536	0.028	0.019	2.25495328455089e-08	c8	PRKACB
1.20519302172281e-12	0.392649194010281	0.052	0.04	2.33457940237926e-08	c8	LAG3
1.30416331088138e-12	0.637819792256111	0.023	0.015	2.52629474950833e-08	c8	TLN1
1.49203932164661e-12	0.556120632935553	0.029	0.02	2.89022936996165e-08	c8	BANF1
1.7311194720594e-12	0.559382513991538	0.028	0.019	3.35335152932627e-08	c8	RNF166
5.6316967921496e-12	0.400673649952219	0.051	0.039	1.0909159856073e-07	c8	ITGA4
6.58817927348231e-12	0.194471016169791	0.149	0.127	1.27619620706626e-07	c8	CD8B
7.61997239015833e-12	0.493325506199656	0.034	0.024	1.47606485169757e-07	c8	ATP5F1
8.97920009823879e-12	0.376298314658754	0.058	0.045	1.73936085102984e-07	c8	WDR83OS
9.39609925482268e-12	0.791703093396529	0.013	0.008	1.8201183866517e-07	c8	SRPK2
9.41229987070619e-12	0.341752362106885	0.065	0.051	1.8232566079545e-07	c8	SEPW1
1.35663769922037e-11	0.408756434294023	0.048	0.036	2.62794288715979e-07	c8	XBP1
1.67178858750733e-11	0.291414949244061	0.084	0.068	3.23842167286044e-07	c8	POLR2L
2.31589499577737e-11	0.429721267806972	0.045	0.034	4.48612019632034e-07	c8	ARPC5
4.45873319933919e-11	0.479381189651844	0.033	0.024	8.63701208043994e-07	c8	SASH3
4.82788532549544e-11	0.85736847498324	0.011	0.006	9.35209666401721e-07	c8	CRBN
5.79998924397441e-11	0.315749260338517	0.072	0.058	1.12351591645028e-06	c8	TBC1D10C
8.23983494897937e-11	0.254997893960152	0.109	0.091	1.59613842796679e-06	c8	ATP5I
8.26535327398354e-11	0.460962036433006	0.037	0.027	1.60108158270335e-06	c8	PTPN22
9.12808238589506e-11	0.47666523436955	0.033	0.024	1.76820083897173e-06	c8	BIN1
9.14877271494113e-11	0.284034734938407	0.102	0.085	1.77220876261125e-06	c8	SSR4
1.19043330974383e-10	0.199421506290653	0.156	0.135	2.30598836430477e-06	c8	EVL
1.23092580541791e-10	0.58477023111918	0.022	0.015	2.38442637767504e-06	c8	PELO
1.36784629312704e-10	0.331471311976309	0.064	0.051	2.64965505441638e-06	c8	ATP5G3
1.74795434848032e-10	0.379337906920207	0.05	0.038	3.38596236844124e-06	c8	BST2
2.03021559270645e-10	0.34537708585238	0.057	0.045	3.93273062463166e-06	c8	HNRNPF
2.71909159731829e-10	0.628064685380848	0.019	0.012	5.26715233316527e-06	c8	CAPN2
2.75520506295654e-10	0.523733452454386	0.028	0.019	5.33710772745311e-06	c8	MIEN1
3.3367292182652e-10	0.397422886916495	0.044	0.033	6.46357816870151e-06	c8	COX7B
3.84103761810168e-10	0.477585166609846	0.031	0.022	7.44047397002477e-06	c8	AKNA
6.3900539039671e-10	0.35964369340213	0.052	0.041	1.23781734173747e-05	c8	PVRIG
7.18495421191667e-10	0.28432973687383	0.078	0.064	1.39179748039038e-05	c8	PSME2
1.07959503651664e-09	0.165894210647979	0.162	0.142	2.09128354523638e-05	c8	HMGB1
1.15356080493522e-09	0.212051471536979	0.134	0.116	2.23456263524002e-05	c8	PCED1B-AS1
1.19612363696811e-09	0.297233657994793	0.069	0.056	2.31701109717093e-05	c8	CDC42
1.26351654837963e-09	0.333132828242635	0.057	0.045	2.44755790586618e-05	c8	VAMP8
1.50399840714686e-09	0.524627313645	0.025	0.017	2.91339531448418e-05	c8	ITGAL
1.56400428788259e-09	0.412684319405398	0.039	0.03	3.02963270605736e-05	c8	POMP
1.88011706032385e-09	0.683326794914518	0.014	0.009	3.64197475755332e-05	c8	HDDC2
2.09989954415995e-09	0.385728071082065	0.043	0.033	4.06771540699224e-05	c8	SRP9
2.65960420768871e-09	0.519083253611023	0.023	0.016	5.1519193107138e-05	c8	ACTN4
2.68340078340384e-09	0.139725922263391	0.251	0.228	5.19801565753157e-05	c8	RPL36AL
3.13477325091348e-09	0.234479970207908	0.097	0.082	6.07236926434451e-05	c8	TPI1
3.34079631596041e-09	0.453597198136198	0.03	0.022	6.47145654364691e-05	c8	CDC42SE1
3.66382361247443e-09	0.295236197529879	0.073	0.06	7.09719271972422e-05	c8	RBM39
5.69216262417032e-09	0.378861939047217	0.041	0.032	0.000110262882192803	c8	SPCS2
6.25490083695325e-09	0.535059017407724	0.021	0.015	0.000121163684112621	c8	CASP4
6.59190903718038e-09	0.556499641223793	0.019	0.013	0.000127691869959221	c8	MYO1F
8.92374432721229e-09	0.360552590545009	0.045	0.035	0.000172861851362429	c8	PAIP2
9.46565946694709e-09	0.385889320309073	0.039	0.03	0.000183359289534232	c8	UFC1
1.08833346190919e-08	0.388513349777324	0.037	0.028	0.00021082107490643	c8	MAPRE2
1.60934120940498e-08	0.39759253068555	0.037	0.028	0.00031174548567384	c8	ARRB2
1.68796127501721e-08	0.683834839798061	0.013	0.008	0.000326974978583585	c8	SYTL2
1.84119916571265e-08	0.352497798857157	0.045	0.035	0.000356658690390197	c8	SYNE2
2.5919307257405e-08	0.392704917019137	0.035	0.027	0.000502082900883193	c8	BZW1
2.74340462324825e-08	0.241124086275219	0.091	0.078	0.000531424909569419	c8	RBM3
2.78780698883503e-08	0.546351812369103	0.019	0.013	0.000540026091807234	c8	PLA2G16
2.84536757155977e-08	0.376312508237506	0.04	0.031	0.000551176152286844	c8	UBE2L6
4.29883380873295e-08	0.208966693784277	0.115	0.1	0.00083272709708966	c8	DAZAP2
4.82217075668355e-08	0.253708318508533	0.075	0.063	0.000934102697277171	c8	UQCR10
5.44397206914797e-08	0.355507704038526	0.04	0.031	0.00105455182951465	c8	ERH
5.54911104485268e-08	0.334387261839933	0.045	0.036	0.00107491830049841	c8	WDR1
6.30404783952105e-08	0.257605038050587	0.076	0.064	0.00122115710699362	c8	EIF3G
6.75660526172322e-08	0.160061191711419	0.155	0.138	0.00130882200524841	c8	LOC101929876
6.96969318114551e-08	0.272138012822164	0.067	0.056	0.0013500992661197	c8	NCL
8.0386736647613e-08	0.392017187224187	0.034	0.026	0.00155717147560091	c8	EID1
9.124040826236e-08	0.322490911547726	0.047	0.037	0.00176741794845018	c8	ANXA6
9.6605931550123e-08	0.377543396300713	0.036	0.028	0.00187135350005743	c8	DNAJB6
9.97404625190501e-08	0.308489194888905	0.044	0.035	0.00193207249945652	c8	ARL6IP1
1.29986548535789e-07	0.569914567167602	0.016	0.01	0.00251796943168677	c8	KCNAB2
1.48535570698273e-07	0.210187920556961	0.1	0.086	0.00287728253999625	c8	COX6A1
1.58667791152662e-07	0.527322838817573	0.018	0.012	0.00307355378241822	c8	MRPL10
1.65701690961555e-07	0.303722118808597	0.054	0.044	0.00320980745561628	c8	RNF213
1.67595742458281e-07	0.454904263463627	0.024	0.017	0.00324649712715936	c8	BTN3A2
1.68021650967521e-07	0.258621466752511	0.065	0.054	0.00325474740089184	c8	GIMAP7
1.75915497687143e-07	0.279158931422208	0.061	0.051	0.00340765910569764	c8	HLA-F
2.11695066992545e-07	0.400216101808176	0.029	0.022	0.0041007451427126	c8	PDIA6
2.37013638508316e-07	0.548899199092634	0.016	0.011	0.00459119119154458	c8	UHMK1
2.65069375028173e-07	0.306003532849291	0.049	0.039	0.00513465886367074	c8	CD164
3.37017233531954e-07	0.525746983892034	0.017	0.012	0.00652836083074749	c8	RAB24
4.61829731682094e-07	0.249893298041377	0.069	0.058	0.00894610373241385	c8	NDUFA1
4.77434568710642e-07	0.337294383591348	0.038	0.03	0.00924838503049385	c8	RNF167
4.90595041344032e-07	0.256848872774482	0.062	0.052	0.00950331654587524	c8	ARF1
5.40551273112113e-07	0.40805194122228	0.025	0.019	0.0104710187114547	c8	GABARAPL1
6.69908348706822e-07	0.435206541271016	0.024	0.017	0.0129767946227998	c8	TMED9
7.60364035250017e-07	0.302308752404035	0.046	0.037	0.0147290117268281	c8	TMEM59
7.8837473392907e-07	0.506206797496389	0.017	0.012	0.01527160697094	c8	IER3IP1
1.04127012360834e-06	0.398960699685966	0.027	0.02	0.0201704435644171	c8	SERPINB1
1.16774333585296e-06	0.267865750278514	0.055	0.046	0.0226203561588076	c8	C4orf3
1.48596016611988e-06	0.305814723908817	0.043	0.034	0.0287845343779082	c8	TBCA
2.21493886585643e-06	0.161557765805412	0.126	0.112	0.0429055807705049	c8	UBL5
