p_val	avg_log2FC	pct.1	pct.2	p_val_adj	cluster	gene
0	4.01927888299536	0.959	0.147	0	c16	GZMB
0	4.63519699770854	0.283	0.02	0	c16	IRF7
0	3.01613274491878	0.307	0.05	0	c16	SEC61B
0	3.41172096168663	0.276	0.034	0	c16	ITM2C
0	4.99458439241593	0.246	0.005	0	c16	IGJ
0	4.13204814017598	0.24	0.019	0	c16	NPC2
0	3.64741550331299	0.233	0.03	0	c16	CLIC3
0	5.68901871112283	0.208	0.006	0	c16	IRF8
0	7.50288524033611	0.202	0.001	0	c16	PLD4
0	3.67586942812375	0.215	0.022	0	c16	PLAC8
0	8.80604053068672	0.176	0	0	c16	LILRA4
0	5.91559787881002	0.156	0.003	0	c16	TCF4
0	4.64136302041706	0.154	0.007	0	c16	NAPSB
0	4.50295004997835	0.145	0.007	0	c16	UGCG
0	7.97328166465542	0.138	0.001	0	c16	SERPINF1
0	5.55707570735458	0.14	0.003	0	c16	CCDC50
0	5.95410532306086	0.125	0.002	0	c16	APP
0	6.74212002455832	0.124	0.001	0	c16	TSPAN13
0	4.70785771051909	0.115	0.004	0	c16	MZB1
0	4.09520183188125	0.119	0.008	0	c16	PPP1R14B
0	6.52925581253164	0.111	0.002	0	c16	TCL1A
0	6.70437281794286	0.105	0.001	0	c16	DERL3
0	8.94027923423679	0.103	0	0	c16	IL3RA
0	6.07304127130552	0.102	0.002	0	c16	LOC101929219
0	5.5104660333643	0.096	0.002	0	c16	SPIB
0	9.37092859124483	0.09	0	0	c16	CLEC4C
0	5.27701722346059	0.091	0.002	0	c16	RNASE6
0	6.64339891679532	0.08	0.001	0	c16	TPM2
0	4.65149460256946	0.075	0.003	0	c16	CYB561A3
0	6.41994380470511	0.073	0.001	0	c16	SMPD3
0	6.87553172077216	0.071	0.001	0	c16	LILRB4
0	9.16218434091199	0.059	0	0	c16	SCT
0	6.44458407161272	0.059	0.001	0	c16	BCL11A
0	9.29028916665968	0.054	0	0	c16	PTCRA
0	6.7430771773241	0.043	0	0	c16	PPP1R14A
0	8.31950930557467	0.041	0	0	c16	LAMP5
0	6.77411388923342	0.033	0	0	c16	FUT7
0	8.13217177184555	0.028	0	0	c16	MYBL2
0	7.82731719031713	0.028	0	0	c16	MAP1A
0	10.4696128661042	0.026	0	0	c16	SMIM5
0	9.33210934235431	0.02	0	0	c16	KRT5
0	8.9487807028028	0.017	0	0	c16	SHD
0	7.85817815402189	0.014	0	0	c16	PTPRS
0	9.01018124746695	0.012	0	0	c16	SCAMP5
1.25831034210797e-281	5.34560157868242	0.037	0.001	2.43747296369735e-277	c16	GAPT
2.73075359392115e-275	4.02679596131784	0.086	0.006	5.28974278678465e-271	c16	SOX4
3.03006746491961e-271	2.67844997754922	0.246	0.042	5.86954368629577e-267	c16	SPCS1
3.72877512578258e-269	4.26550755816548	0.067	0.003	7.22301029615344e-265	c16	MPEG1
2.03453398424457e-260	5.1280015822517	0.094	0.007	3.94109578088015e-256	c16	PTGDS
5.063134941539e-254	5.53313408591268	0.029	0.001	9.8077986952552e-250	c16	TNFRSF21
1.77229747392962e-248	3.29203952759239	0.128	0.013	3.43311743674907e-244	c16	VIMP
8.26541940483146e-248	2.37639626816111	0.206	0.032	1.6010943929099e-243	c16	CST3
6.59845383800417e-240	4.95851912764445	0.038	0.001	1.27818649295979e-235	c16	CLN8
1.4959906691068e-239	1.9431699734668	0.444	0.13	2.89788352512678e-235	c16	ALOX5AP
8.45972558687505e-237	2.73295792500801	0.148	0.018	1.63873344343357e-232	c16	STMN1
4.11972968080124e-236	3.34244699059664	0.118	0.012	7.98032836468007e-232	c16	HIGD1A
2.27991268866396e-223	2.5629493311976	0.279	0.061	4.41641886921096e-219	c16	GPX1
4.34866638997192e-220	2.65251537134315	0.217	0.039	8.4238016640146e-216	c16	HSP90B1
5.41346217488539e-208	2.50903720584454	0.227	0.044	1.04864175789705e-203	c16	C12orf75
6.2872890444837e-208	6.20282632540934	0.015	0	1.21791076080694e-203	c16	DNASE1L3
2.290392978892e-206	3.03767518705959	0.206	0.038	4.4367202394117e-202	c16	TXN
2.43373278163411e-184	4.50076977975296	0.039	0.002	4.71438377130344e-180	c16	FAM129C
1.66088254033243e-180	2.16163060730564	0.6	0.282	3.21729556887796e-176	c16	CD74
5.91722493434136e-174	5.5879482467839	0.02	0	1.14622564203126e-169	c16	P2RY14
2.76848649333925e-169	5.71645004441023	0.02	0	5.36283518624746e-165	c16	PNOC
4.04915873448194e-163	5.1816617154113	0.023	0.001	7.84362538456496e-159	c16	ZFAT
3.45033778839928e-159	2.78167452476142	0.133	0.021	6.68364932990825e-155	c16	CTSB
8.96404637666425e-151	3.21160246289358	0.082	0.009	1.73642542362363e-146	c16	GRN
1.24995732149098e-147	2.04924006078178	0.232	0.058	2.42129232746018e-143	c16	PARK7
1.62390453588832e-137	1.72274792163696	0.332	0.11	3.14566547646927e-133	c16	PPIB
2.50087841793971e-130	3.18259851718164	0.069	0.007	4.84445158339101e-126	c16	CD68
3.21266700109257e-129	4.63514181612002	0.025	0.001	6.22325724781642e-125	c16	BLNK
5.60273130259878e-117	2.08706603234033	0.219	0.061	1.08530508062641e-112	c16	HERPUD1
4.78106904527779e-114	2.82471782097001	0.085	0.012	9.26140884760761e-110	c16	MS4A6A
1.11374105482265e-110	3.40814523338685	0.053	0.005	2.15742779729696e-106	c16	IRF4
1.95521598179178e-107	2.02300528782453	0.176	0.045	3.78744887832887e-103	c16	VAMP8
1.89203386805872e-105	5.21371464155208	0.015	0	3.66505880581654e-101	c16	CSF2RB
4.2923244104287e-103	3.05598493708007	0.063	0.008	8.31466161544144e-99	c16	PTPRE
3.96897718598588e-100	2.18758888616509	0.13	0.028	7.68830570697324e-96	c16	FCER1G
1.27003789395047e-98	2.15260975987573	0.163	0.042	2.46019040437146e-94	c16	HLA-DRB4
5.4342282444713e-97	1.80545235404686	0.197	0.057	1.05266435323654e-92	c16	SEC61G
7.45296189363213e-97	1.58998409422119	0.294	0.11	1.44371324841548e-92	c16	LOC101929531
8.09418701618809e-95	2.0162752272781	0.156	0.04	1.56792496690579e-90	c16	LAG3
9.7984571721661e-95	4.70085318935921	0.018	0.001	1.89805913882029e-90	c16	MGST2
1.27614662278831e-91	2.0984628892689	0.14	0.034	2.47202362300324e-87	c16	RNASET2
6.25947989588549e-88	1.72034106467168	0.202	0.063	1.21252385063198e-83	c16	PLP2
8.63464061977489e-88	1.32731667730681	0.332	0.137	1.67261623445659e-83	c16	SRP14
1.52958541967124e-80	5.18915138851226	0.011	0	2.96295991644515e-76	c16	SUSD1
7.40467233733211e-80	2.52789109392462	0.083	0.015	1.4343590784646e-75	c16	PLEK
8.43130517084345e-79	3.10329065185843	0.046	0.005	1.63322812464408e-74	c16	SPINT2
1.11137042700262e-78	3.46493473952913	0.048	0.006	2.15283565414678e-74	c16	RASD1
7.02690945321874e-77	2.26644361103898	0.12	0.03	1.361182630183e-72	c16	CXCR3
9.27214478678183e-75	2.48459729382472	0.075	0.013	1.79610716664751e-70	c16	FKBP2
3.60599782142465e-72	1.46589626604137	0.225	0.083	6.9851783798817e-68	c16	C9orf142
4.10863812552746e-72	2.57304337329942	0.067	0.011	7.95884291295925e-68	c16	PHB
6.46012740580611e-72	1.9839537473337	0.138	0.039	1.2513912797787e-67	c16	LOC100996809
7.89399923597504e-72	3.53700957220335	0.03	0.003	1.52914659200072e-67	c16	CD2AP
5.69119518648442e-71	1.39212727645284	0.237	0.09	1.1024414195739e-66	c16	GABARAP
9.2911245663177e-69	4.37597522772594	0.017	0.001	1.7997837397414e-64	c16	CXorf21
1.62067937014404e-67	2.55074962882965	0.063	0.011	3.13941800790602e-63	c16	UBE2J1
7.14169641371362e-67	2.15963796879628	0.092	0.021	1.38341801230047e-62	c16	CNPY3
3.67268373550963e-66	2.28653703179857	0.081	0.017	7.1143556640557e-62	c16	OSTC
2.39258749969546e-63	1.02049751049035	0.163	0.054	4.63468124566007e-59	c16	CXCL13
6.70045347119153e-63	1.49427396148093	0.22	0.085	1.29794484190451e-58	c16	SSR4
1.43851115966628e-61	2.9327371620416	0.041	0.005	2.78653996738954e-57	c16	MEF2C
6.34108041562524e-61	2.13472315969508	0.089	0.021	1.22833068731076e-56	c16	PTMS
1.79471020571747e-56	3.49677200777082	0.024	0.002	3.47653313949531e-52	c16	FCHSD2
4.94635662227262e-56	1.43682536639377	0.199	0.078	9.58158741300429e-52	c16	CKLF
1.54110601962838e-55	2.50259800664454	0.058	0.011	2.98527647062213e-51	c16	OFD1
2.18054049397087e-55	1.83847623957935	0.107	0.03	4.22392499087097e-51	c16	CAPG
2.36854539801155e-55	1.25294178025552	0.293	0.142	4.58810929048817e-51	c16	TAGLN2
7.09943251715883e-55	3.54623414770715	0.023	0.002	1.37523107289884e-50	c16	CCDC88A
2.76829653656453e-53	2.45468986523695	0.054	0.01	5.36246722097915e-49	c16	NUCB2
6.55464285903983e-53	1.87409375037172	0.105	0.03	1.26969986822461e-48	c16	SYNGR2
6.60305814727585e-52	4.18010624890926	0.014	0.001	1.27907839370881e-47	c16	CORO1C
7.50581476442594e-52	1.82705894364306	0.105	0.03	1.45395137801695e-47	c16	IGFLR1
1.13284558108035e-49	1.31735194373334	0.214	0.092	2.19443517511074e-45	c16	PRF1
1.15136700169031e-45	1.40584489533762	0.152	0.057	2.2303130189743e-41	c16	ERP29
1.55044257871483e-45	1.65239927631599	0.119	0.039	3.00336231922849e-41	c16	CD164
5.03505617236302e-45	1.94095962100788	0.08	0.021	9.75340731148441e-41	c16	HLA-DMA
2.41054237001689e-44	1.597306941329	0.116	0.039	4.66946162495971e-40	c16	BST2
3.71535891921703e-44	1.46849929635634	0.137	0.05	7.1970217624153e-40	c16	GNG5
4.18902508597074e-44	3.27682690685312	0.023	0.002	8.11456049403392e-40	c16	TGFBI
5.39528967886791e-43	1.28226079290375	0.18	0.076	1.0451215636935e-38	c16	UCP2
4.90790203329387e-42	3.7731420501661	0.018	0.002	9.50709702869356e-38	c16	RNVU1-19
1.20781180330772e-40	0.72512860336795	0.444	0.274	2.33965224418738e-36	c16	ATP5E
2.06335599746451e-40	1.49202966426794	0.121	0.043	3.99692690268851e-36	c16	C11orf31
4.7056843902163e-40	0.755894960947631	0.415	0.252	9.115381232288e-36	c16	PPIA
1.01580939684786e-38	2.37731136585422	0.045	0.009	1.967724382634e-34	c16	SMIM3
1.25908718922558e-38	0.881545547409693	0.311	0.171	2.43897779424888e-34	c16	CYBA
5.49639009220628e-37	1.28286920410555	0.142	0.057	1.06470572476128e-32	c16	CTSC
3.33704985714669e-36	1.99354940386315	0.115	0.043	6.46419927827886e-32	c16	GPR183
5.20671072412738e-36	1.78928110567958	0.076	0.022	1.00859193437072e-31	c16	PDIA6
5.88898901891554e-36	1.23413182322733	0.155	0.066	1.14075606285413e-31	c16	TMEM258
1.13646906245488e-35	2.19672612587292	0.047	0.01	2.20145422088136e-31	c16	TM9SF2
2.16799600486888e-35	2.14975569647481	0.049	0.011	4.1996250610315e-31	c16	IRF2BP2
2.43030042456783e-35	2.94552828912469	0.024	0.003	4.70773495243035e-31	c16	THEMIS2
4.36231415152498e-33	3.10329065185843	0.015	0.002	8.45023874291903e-29	c16	FCER1A
1.03475758663493e-32	1.31530105466775	0.142	0.061	2.00442892107052e-28	c16	RGS2
2.88552222927384e-32	1.23381974002363	0.144	0.062	5.58954511032635e-28	c16	GSTP1
7.77003574158822e-32	1.07067737560943	0.185	0.089	1.50513362350305e-27	c16	CALM2
2.11476793974898e-31	0.7025832824905	0.377	0.237	4.09651697608775e-27	c16	MYL6
1.1680166763668e-30	2.62393833909787	0.027	0.004	2.26256510379014e-26	c16	IFI44L
1.93706677807233e-30	3.03672303491944	0.019	0.002	3.7522920558039e-26	c16	RPS6KA4
3.68902346928737e-30	1.2741651071296	0.138	0.06	7.14600736235656e-26	c16	TYROBP
3.87116004520552e-30	2.61089426987334	0.035	0.007	7.49882412356762e-26	c16	TNFRSF9
4.70854349260162e-30	3.58391649276485	0.012	0.001	9.1209195995186e-26	c16	SLC15A4
5.49131048869188e-30	1.64516186054133	0.075	0.024	1.0637217547645e-25	c16	ZNF706
5.72121019407338e-30	2.57150818899644	0.028	0.005	1.10825562669395e-25	c16	RUNX2
7.25130262192432e-30	1.24813260413663	0.179	0.088	1.40464983089296e-25	c16	HMGN2
1.00680543941197e-27	2.58391649276485	0.025	0.004	1.95028281668492e-23	c16	RNF130
1.06218075116778e-26	2.91535770126535	0.018	0.002	2.0575503330871e-22	c16	RRBP1
3.85731704618122e-26	2.91169138406758	0.018	0.002	7.47200885015763e-22	c16	SYK
4.741525702474e-26	1.65217818921352	0.063	0.02	9.18480943826238e-22	c16	AMICA1
7.03945057849545e-26	1.13520932571172	0.131	0.059	1.36361197156035e-21	c16	SLC25A5
1.76326381383189e-25	2.00312648993299	0.041	0.01	3.41561833377375e-21	c16	SLC7A5
1.78748501266263e-25	0.78264895477443	0.282	0.171	3.46253721802878e-21	c16	HINT1
2.43460866418967e-25	1.4213036967424	0.089	0.034	4.71608044340181e-21	c16	CDK2AP2
2.33572768804984e-24	1.14008755832598	0.137	0.065	4.52453810452134e-20	c16	PGK1
2.56313153366616e-24	1.91272367637738	0.043	0.012	4.96504209386472e-20	c16	SNORD3A
2.60517357548745e-24	2.24848856739836	0.031	0.007	5.04648173307674e-20	c16	KRT86
4.04322902349347e-24	2.92641288977435	0.017	0.002	7.83213894140921e-20	c16	C12orf45
6.12932670483312e-24	2.60267742087351	0.021	0.004	1.18731187599322e-19	c16	MAPKAPK2
6.29286425146161e-24	0.875870739700027	0.208	0.116	1.21899073415063e-19	c16	CHCHD2
6.74941632231725e-24	1.21694743365399	0.106	0.045	1.30742943579608e-19	c16	CD63
8.90457490084741e-24	0.602154589509474	0.411	0.285	1.72490520404315e-19	c16	SERF2
8.97897072056341e-24	1.19874565049536	0.114	0.051	1.73931641828034e-19	c16	DBI
1.61187233788224e-23	1.16591138209476	0.115	0.052	3.12235790571169e-19	c16	ATP5G3
2.55995993887741e-22	0.884293730510953	0.187	0.102	4.95889839759942e-18	c16	SUB1
2.71821202727396e-22	1.56159560504144	0.063	0.022	5.26544851803238e-18	c16	SPRY1
2.84453414910271e-22	2.16164289033672	0.029	0.007	5.51014710022685e-18	c16	CYBB
4.78110683596664e-22	1.48058605714572	0.067	0.024	9.26148205195098e-18	c16	P4HB
1.45068995345501e-21	1.70430638481408	0.049	0.015	2.8101315088377e-17	c16	SSR3
2.4910346607812e-21	1.06150114602723	0.157	0.083	4.82538324139927e-17	c16	TPI1
4.00639705337527e-21	0.800504876627191	0.448	0.346	7.76079173209324e-17	c16	GAPDH
9.97992902092993e-21	1.62917913791602	0.051	0.017	1.93321205064434e-16	c16	A1BG
1.31373420400972e-20	0.956958493079312	0.153	0.08	2.54483452658723e-16	c16	RNASEK
1.31615635156741e-20	1.2662107198964	0.124	0.06	2.54952646862124e-16	c16	TUBA1B
1.39702107583912e-20	0.66789300214446	0.333	0.226	2.70616952600795e-16	c16	CD7
1.68491626241342e-20	2.28489745834837	0.024	0.005	3.26385129192103e-16	c16	LAP3
2.74077101899717e-20	1.75593996009116	0.043	0.013	5.30914754089941e-16	c16	PLA2G16
5.16330720414164e-20	2.00905458201266	0.032	0.008	1.00018423851428e-15	c16	ATG101
7.56633257127069e-20	1.91310681143231	0.035	0.009	1.46567428238084e-15	c16	MANF
8.13702932264172e-20	0.960052741237876	0.139	0.072	1.57622395008893e-15	c16	ATP6V0C
2.61486094809733e-19	0.930174211135652	0.152	0.082	5.06524714255935e-15	c16	COX7A2
2.66378315065313e-19	3.05909084794789	0.011	0.001	5.16001434113017e-15	c16	ALDH2
7.19849125831472e-19	1.81155334996563	0.037	0.011	1.39441974164814e-14	c16	FAM96A
1.35347099583612e-18	1.30672129354574	0.092	0.042	2.62180866603415e-14	c16	TUBB
1.7378468472476e-18	1.63351318560928	0.049	0.017	3.36638312780333e-14	c16	LDLRAD4
2.25198035720727e-18	2.45303669088555	0.019	0.004	4.3623111499462e-14	c16	AHI1
3.63888326273005e-18	1.86430973819329	0.033	0.009	7.04888076823437e-14	c16	LOC102724850
1.64875285018549e-17	0.868844481615353	0.15	0.083	3.19379914609432e-13	c16	HMGN1
1.85655543638621e-17	3.05598493708007	0.011	0.001	3.59633353582372e-13	c16	AZIN2
2.01015099204118e-17	1.35162970695497	0.066	0.027	3.89386348668298e-13	c16	ATP6V0B
2.82560468468121e-17	0.78018188638594	0.181	0.107	5.47347883469597e-13	c16	ARPC3
4.33551102664923e-17	1.05885169419005	0.102	0.05	8.39831840972222e-13	c16	ROMO1
5.37192642306005e-17	1.50187528525656	0.05	0.018	1.04059586741096e-12	c16	TMED9
6.05642838267596e-17	1.71458326149881	0.037	0.012	1.17319074200816e-12	c16	PPM1K
6.5348878181089e-17	0.853711157939896	0.154	0.087	1.26587311924587e-12	c16	COX6A1
6.62985931627512e-17	0.604095811025271	0.227	0.142	1.28427004815565e-12	c16	GZMH
7.09021669104918e-17	2.01291621518818	0.026	0.007	1.37344587522314e-12	c16	GALNT2
1.07881045583217e-16	1.4327524194312	0.057	0.022	2.08976373399249e-12	c16	FABP5
1.20009275386498e-16	0.712347879055883	0.218	0.137	2.32469967351186e-12	c16	IFITM3
1.23255919851211e-16	1.48084079887471	0.05	0.018	2.38759042343781e-12	c16	ACP5
3.49203076858367e-16	1.3404342951485	0.059	0.024	6.76441280182343e-12	c16	MTDH
3.8330144849315e-16	1.25933796046535	0.068	0.029	7.4249323587608e-12	c16	ANAPC11
3.90111923416029e-16	1.66417901760072	0.04	0.013	7.55685806849189e-12	c16	DUSP5
5.21415256715836e-16	0.959023943562626	0.122	0.065	1.01003349378425e-11	c16	PSME2
6.20764937734897e-16	1.10007393917488	0.089	0.042	1.20248376088627e-11	c16	NME2
8.87472178415468e-16	0.932231761103494	0.134	0.074	1.7191223568086e-11	c16	CALR
1.29243101906963e-15	1.98642689416753	0.025	0.007	2.50356812703979e-11	c16	MAN2B1
1.296479663597e-15	1.80774343250614	0.031	0.009	2.51141075635374e-11	c16	TIMM13
1.59933531892419e-15	1.23051483817528	0.072	0.032	3.09807244628805e-11	c16	PRDX5
4.58673506738099e-15	2.96915397920689	0.01	0.001	8.88496449902372e-11	c16	VEGFB
5.89706023655997e-15	0.905582493902575	0.109	0.057	1.14231953842403e-10	c16	ZNF683
9.11132864629185e-15	0.392060286454923	0.617	0.527	1.76495547207319e-10	c16	PTMA
9.51921307466203e-15	2.90972106568773	0.01	0.001	1.84396676469278e-10	c16	TK1
1.32647914188406e-14	1.50666126236857	0.041	0.015	2.56952274574361e-10	c16	MTHFD2
1.46084261090598e-14	0.43096764786609	0.38	0.281	2.82979822158597e-10	c16	MYL12A
1.47442214814713e-14	1.34376893312605	0.053	0.021	2.85610314317581e-10	c16	PSMA6
1.47761244406692e-14	1.86043412796226	0.027	0.008	2.86228306540203e-10	c16	PLSCR1
1.63425217192373e-14	1.65262924284886	0.033	0.01	3.16570988223345e-10	c16	MX1
2.15254337198399e-14	2.72231498865322	0.011	0.002	4.16969176587019e-10	c16	UNC93B1
3.36068842069679e-14	1.41344157896943	0.048	0.019	6.50998953973175e-10	c16	CANX
3.74502871521044e-14	1.83917354800692	0.028	0.008	7.25449512423414e-10	c16	CD9
3.77686128254112e-14	0.649286218555898	0.27	0.189	7.3161579904104e-10	c16	MIF
3.8090349974111e-14	1.46313669914655	0.096	0.05	7.37848169348505e-10	c16	AREG
3.9291817813823e-14	1.07771440515241	0.091	0.046	7.61121802871564e-10	c16	HSPA5
8.05556207674682e-14	2.66914432963188	0.011	0.002	1.56044292988663e-09	c16	MYO7A
9.16506594443118e-14	2.14599510281266	0.019	0.004	1.77536492409576e-09	c16	FAM105A
9.23754368999962e-14	1.35817286192876	0.047	0.018	1.78940458818983e-09	c16	PTTG1
1.0045110877543e-13	2.75684023783699	0.011	0.002	1.94583842808886e-09	c16	AHCY
1.56881213087157e-13	0.964533467141239	0.097	0.05	3.03894597871132e-09	c16	ATP5J2
1.64134102922164e-13	0.861687253106725	0.116	0.064	3.17944170770524e-09	c16	H3F3AP4
1.64868177861333e-13	1.49233294260433	0.042	0.016	3.19366147335187e-09	c16	SEC11C
1.65667361485215e-13	2.50145433257287	0.013	0.002	3.2091424593301e-09	c16	IDH3A
1.70636587033108e-13	2.65028530238056	0.011	0.002	3.30540132741833e-09	c16	TSPAN3
1.75192323372571e-13	1.10993902786779	0.07	0.032	3.39365049605008e-09	c16	BLOC1S1
1.84312917617891e-13	1.16061976528865	0.064	0.029	3.57032552717617e-09	c16	SIVA1
2.00854454143356e-13	2.10329065185843	0.015	0.003	3.89075163121095e-09	c16	TYMS
2.46026071184571e-13	0.56665694587722	0.246	0.168	4.76577102491633e-09	c16	ATP5L
2.62728846221226e-13	2.06532280165941	0.02	0.005	5.08932048015137e-09	c16	CCDC186
3.20993366060075e-13	0.717829732519462	0.214	0.143	6.21796249394971e-09	c16	HMGB1
3.30031190318228e-13	0.57771916597488	0.271	0.193	6.3930341876544e-09	c16	RGS1
3.94954222980562e-13	0.442357624472818	0.346	0.255	7.65065825335646e-09	c16	S100A6
5.46586310534388e-13	1.40662488017052	0.042	0.016	1.05879234213616e-08	c16	SDF2L1
6.30739249891429e-13	1.19811093109125	0.046	0.018	1.22180500096469e-08	c16	MIR155HG
6.94419941261044e-13	1.38268052496684	0.044	0.017	1.34516086821677e-08	c16	SURF4
7.44319949499216e-13	1.41945026628618	0.041	0.016	1.44182217417493e-08	c16	C19orf10
8.43083153047623e-13	2.67287792669267	0.011	0.002	1.63313637576855e-08	c16	IFITM10
8.57957700145752e-13	0.679806289278128	0.17	0.107	1.66194986095234e-08	c16	ARPC1B
1.02025654191575e-12	0.22082982308224	0.54	0.428	1.97633894734499e-08	c16	FTH1
1.23382121498355e-12	0.695452643743288	0.167	0.105	2.39003507554464e-08	c16	COTL1
1.31275326085918e-12	1.81717263291159	0.024	0.007	2.54293434161031e-08	c16	PDIA4
1.53947496640314e-12	0.927688789058157	0.098	0.052	2.98211695741952e-08	c16	DRAP1
1.80097721795867e-12	1.83093561804815	0.024	0.007	3.48867296890774e-08	c16	MIF4GD
1.95504783258689e-12	0.731226838402734	0.146	0.089	3.78712315650406e-08	c16	COX6B1
2.58013614068437e-12	0.393005959788093	0.493	0.412	4.99798171811969e-08	c16	SH3BGRL3
2.58578397324761e-12	1.19508312777792	0.058	0.026	5.00892213457795e-08	c16	TMED10
3.2068067642004e-12	0.690210965426309	0.167	0.106	6.21190538293259e-08	c16	SUMO2
3.27274148644588e-12	2.49080708837336	0.011	0.002	6.33962753339431e-08	c16	CDK1
3.72280159659281e-12	1.06863300205822	0.068	0.033	7.21143897275992e-08	c16	TRAM1
4.34422602237607e-12	0.251445855603479	0.576	0.472	8.41520022794468e-08	c16	CCL5
4.37107897634707e-12	0.868407286338781	0.107	0.06	8.46721708508191e-08	c16	LOC101060038
4.70175212807798e-12	0.818858209112257	0.115	0.066	9.10776404729986e-08	c16	USMG5
4.95768392628051e-12	1.65968400038281	0.028	0.009	9.60352953359797e-08	c16	HLA-DRB3
5.68131446419823e-12	0.606237207313345	0.202	0.135	1.10052742485984e-07	c16	RHOA
7.84271979364482e-12	0.432056176799342	0.386	0.302	1.51921325122694e-07	c16	CFL1
9.80508896899721e-12	1.38947515597963	0.039	0.015	1.89934378418445e-07	c16	HM13
1.0881537485807e-11	1.25529374530348	0.048	0.02	2.10786262637567e-07	c16	PSMA2
1.21514650934248e-11	0.815424393044696	0.116	0.068	2.35386030324731e-07	c16	SERP1
1.40216085230786e-11	0.812859010979535	0.107	0.061	2.71612578700555e-07	c16	ATF3
1.42321475252436e-11	1.73796536506503	0.024	0.008	2.75690929711494e-07	c16	NUDT1
1.44905278824642e-11	1.67736483643685	0.025	0.008	2.80696015611214e-07	c16	CSF1
1.47136626344684e-11	1.33019855431737	0.044	0.018	2.85018358892287e-07	c16	RAB27A
1.57104521872999e-11	1.06655010504341	0.067	0.032	3.04327169320186e-07	c16	SPCS2
1.65827631375201e-11	0.679107170219414	0.173	0.113	3.21224704736902e-07	c16	UBL5
1.67374826481022e-11	1.60551272157165	0.028	0.01	3.24221776376388e-07	c16	NCF1C
1.95160512290308e-11	2.02209456901045	0.013	0.003	3.78045428357556e-07	c16	UBE2C
2.0983534383245e-11	2.40814523338685	0.011	0.002	4.06472044537838e-07	c16	THBD
3.94359945104576e-11	0.711825570905441	0.134	0.082	7.63914649662074e-07	c16	LDHA
4.67098742051037e-11	1.6724281854179	0.026	0.009	9.04816973227064e-07	c16	HAVCR2
4.69375472696253e-11	1.140483207674	0.058	0.027	9.09227228159912e-07	c16	SLC3A2
5.29653170420266e-11	0.943426248963716	0.078	0.041	1.0259911564211e-06	c16	SNRPG
8.46443715305441e-11	1.47957983295011	0.032	0.012	1.63964612091817e-06	c16	SNRPE
9.54040756956895e-11	0.988060070055962	0.072	0.037	1.8480723503012e-06	c16	RBX1
1.13762216787924e-10	2.59277284372535	0.011	0.002	2.20368790139888e-06	c16	ZBED2
1.18215408731432e-10	1.04604670002395	0.062	0.03	2.28995068253657e-06	c16	POMP
1.21021572389455e-10	0.722222088363999	0.127	0.077	2.34430887875614e-06	c16	NDUFA4
1.37830776880343e-10	1.5694803994208	0.028	0.01	2.66991997894912e-06	c16	ENTPD1
1.40875827356496e-10	0.963706817667444	0.074	0.039	2.72890565172268e-06	c16	ISG15
1.6959901712278e-10	0.508071782843863	0.225	0.158	3.28530256068537e-06	c16	OST4
1.72022265011223e-10	0.749609524771136	0.111	0.066	3.3322432955324e-06	c16	LINC00152
1.87167987982922e-10	0.684610492384319	0.141	0.089	3.62563109521718e-06	c16	EDF1
1.89829862616368e-10	0.536724707943185	0.221	0.156	3.67719426874167e-06	c16	COMMD6
1.90951812844304e-10	0.734661365579256	0.122	0.074	3.698927566607e-06	c16	COX8A
2.43518303977986e-10	1.12601072835851	0.051	0.024	4.71719306635756e-06	c16	DSTN
2.49077144778669e-10	1.27374615341368	0.041	0.017	4.82487337150759e-06	c16	PYCARD
2.71514715632254e-10	0.914648279116689	0.077	0.041	5.25951155651239e-06	c16	FKBP1A
3.09710342347263e-10	0.612376199049754	0.218	0.155	5.99939904160883e-06	c16	CD8A
3.40334989463565e-10	1.11971619977154	0.067	0.034	6.59262908089872e-06	c16	HLA-DQB1
4.54837369002782e-10	0.981449528923628	0.068	0.035	8.81065467495289e-06	c16	RUNX3
4.71362862942869e-10	1.72752179566823	0.021	0.007	9.13077001806632e-06	c16	CRELD2
4.79470091940125e-10	1.61977341469682	0.027	0.009	9.28781515097216e-06	c16	IFI35
5.30493960409311e-10	0.85076443167177	0.088	0.049	1.02761985070888e-05	c16	ARF6
5.76127060000901e-10	0.805401122984032	0.093	0.053	1.11601572792774e-05	c16	ENO1
6.12769414099402e-10	1.68696560671912	0.022	0.007	1.18699563205195e-05	c16	EIF5AL1
6.43205234096729e-10	1.3323491719685	0.037	0.015	1.24595285896877e-05	c16	PPA1
7.22463476385424e-10	0.798328212413833	0.101	0.059	1.39948400010621e-05	c16	DUSP4
1.01802104881614e-09	0.964297509968004	0.067	0.035	1.97200857366174e-05	c16	ARL6IP1
1.09856216310715e-09	1.84939304059676	0.016	0.004	2.12802476615486e-05	c16	KIAA0101
1.14244147594603e-09	1.54794191784118	0.027	0.01	2.21302338305505e-05	c16	YIF1A
1.19954334209082e-09	1.76073590638111	0.02	0.006	2.32363540796413e-05	c16	N4BP2L1
1.21854596624577e-09	2.48214581483062	0.01	0.002	2.36044539121468e-05	c16	GSN
1.55224850814915e-09	1.74865043222354	0.02	0.006	3.00686058513572e-05	c16	TNIP3
1.75280800437791e-09	1.15709451931538	0.045	0.02	3.39536438528045e-05	c16	LMAN2
1.88086497101281e-09	1.08806991491966	0.052	0.025	3.64342353534891e-05	c16	RANBP1
2.10225352989571e-09	0.841974763250932	0.084	0.047	4.07227531276098e-05	c16	TRAPPC1
2.10819099058286e-09	1.13448919564619	0.049	0.023	4.08377676785806e-05	c16	HLA-DRB1
2.29879230577667e-09	0.872030726901821	0.076	0.042	4.45299057551998e-05	c16	PDIA3
2.43131112584777e-09	0.782940135084399	0.097	0.057	4.70969278187972e-05	c16	NDUFA11
2.62966430681732e-09	1.42444828208615	0.03	0.012	5.09392272873582e-05	c16	SLC20A1
3.05617928770326e-09	2.21663212493437	0.011	0.003	5.92012489820999e-05	c16	CUX1
3.41188235260524e-09	1.83117695211377	0.017	0.005	6.60915730523161e-05	c16	GFI1
3.98270811224528e-09	1.38331479328389	0.032	0.013	7.71490388423034e-05	c16	VOPP1
4.01013563022478e-09	1.61174292012739	0.022	0.007	7.76803372930841e-05	c16	DDAH2
4.4211194650561e-09	1.36484612876631	0.031	0.012	8.56415051576018e-05	c16	CHMP5
5.38614561634792e-09	1.01046661885367	0.061	0.032	0.000104335026734276	c16	UBE2L6
5.90159111160614e-09	1.23625370236298	0.037	0.016	0.000114319721422923	c16	NCF1
6.67432557206305e-09	1.29397421346754	0.033	0.014	0.000129288360656433	c16	MEA1
6.84714290535701e-09	0.859578817404595	0.076	0.042	0.000132636005219671	c16	ARF5
8.83831491636531e-09	0.656468903149779	0.124	0.08	0.000171206998244912	c16	COX6C
1.02700916467527e-08	2.17448169971538	0.012	0.003	0.000198941945289247	c16	NUSAP1
1.08191814045169e-08	2.22882153394229	0.011	0.002	0.000209578362986897	c16	PARVB
1.09952716459951e-08	0.456718985831744	0.301	0.237	0.000212989407054572	c16	IFITM2
1.11127937638363e-08	1.07624058904122	0.047	0.023	0.000215265927999273	c16	ATP5C1
1.13602384046325e-08	1.26339354439493	0.034	0.015	0.000220059178136136	c16	EIF2S2
1.16227491017429e-08	0.710279458909581	0.103	0.063	0.000225144272849862	c16	SAMSN1
1.20633006522468e-08	1.46425147838148	0.025	0.009	0.000233678196934673	c16	ANXA2P2
1.263855667959e-08	0.992717784909508	0.054	0.028	0.000244821481440338	c16	PRDX6
1.61636383293991e-08	0.851880130121525	0.072	0.04	0.00031310583807879	c16	ATP5B
1.79903011892168e-08	0.529099606052478	0.185	0.131	0.000348490124336319	c16	ARPC2
1.83315929606304e-08	2.29502002361909	0.011	0.002	0.000355101287240372	c16	GNA15
1.9807365866339e-08	0.845045847429327	0.071	0.039	0.000383688484196853	c16	ZYX
1.98426195054451e-08	0.709547381436912	0.098	0.06	0.000384371382439977	c16	PSMA7
2.1481532609006e-08	1.18755956875603	0.037	0.017	0.000416118768169056	c16	NAPA
2.30740531719551e-08	1.14624279704297	0.04	0.018	0.000446967483993942	c16	DCK
2.35873327376005e-08	1.01430774404571	0.067	0.037	0.00045691022246006	c16	XBP1
2.84321223654349e-08	1.50621846885928	0.023	0.008	0.000550758642340838	c16	ERCC1
2.8597773489287e-08	0.949339286623855	0.059	0.031	0.000553967470260978	c16	TMED2
3.12094223361222e-08	0.956490631721989	0.059	0.031	0.000604557720073024	c16	ITGAE
3.12438906053205e-08	0.998776484194695	0.05	0.025	0.000605225404915664	c16	TPM4
3.4158898231635e-08	2.18363276017603	0.011	0.003	0.000661692017645002	c16	SNRNP25
3.47050098693164e-08	0.830884571783986	0.091	0.055	0.000672270746178528	c16	PKM
3.57402842758476e-08	1.05017931539886	0.05	0.025	0.000692325046707444	c16	FKBP11
3.64939157528625e-08	1.95809273631849	0.013	0.004	0.0007069236420487	c16	STX7
3.8483138293346e-08	2.1772912333022	0.01	0.002	0.000745456871880406	c16	CENPF
5.03799486920202e-08	2.21476593872087	0.01	0.002	0.000975909986113122	c16	FEZ2
5.41866426820854e-08	1.36962642078247	0.027	0.011	0.00104964945539468	c16	HLA-DRB5
5.53122563967707e-08	0.947740672691038	0.052	0.027	0.00107145371866185	c16	PDCD1
5.68879861413862e-08	0.905145776768656	0.062	0.034	0.00110197717954479	c16	ATP5J
6.18482040046133e-08	1.55580285655593	0.02	0.007	0.00119806155977336	c16	GLO1
6.32216833315738e-08	0.56331560591058	0.149	0.102	0.00122466722781592	c16	PSMB9
6.48151855217918e-08	0.910570435506029	0.063	0.034	0.00125553495874263	c16	COX5A
6.63748489589991e-08	0.572514837513311	0.136	0.091	0.00128574719918477	c16	TCEB2
6.88048724284343e-08	0.701089871344963	0.1	0.063	0.0013328191838112	c16	RAN
7.16634759545396e-08	1.06040483900525	0.046	0.023	0.00138819319271539	c16	NDUFS6
7.8585331359379e-08	0.904236871926454	0.059	0.032	0.00152227645376253	c16	ERH
8.06492327505403e-08	0.643535232290382	0.108	0.069	0.00156225628761072	c16	POLR2L
8.37765018559177e-08	0.980320667147997	0.05	0.026	0.00162283461745098	c16	ANKRD28
8.4688711701624e-08	1.71775004982408	0.016	0.005	0.00164050503437216	c16	HLA-DMB
9.07493953311403e-08	2.18705900955102	0.01	0.002	0.00175790653695952	c16	ACAT1
9.20007594370748e-08	1.84918937079464	0.014	0.004	0.00178214671105558	c16	SLAMF7
9.68749404732015e-08	2.0283285941772	0.011	0.003	0.00187656447190639	c16	SIDT1
1.29350366802067e-07	1.10479424244881	0.038	0.018	0.00250564595532284	c16	CHST12
1.391685260839e-07	0.665068783331319	0.1	0.063	0.00269583351877124	c16	UQCR10
1.54644197794509e-07	0.635015866053076	0.11	0.071	0.00299561275547744	c16	LIME1
1.58150962023973e-07	0.841449443546034	0.067	0.038	0.00306354228536638	c16	SNRPB
1.58948403262639e-07	1.30104818861457	0.028	0.012	0.00307898951960058	c16	APEX1
1.67539540181325e-07	0.356354968654215	0.13	0.087	0.00324540843285245	c16	IFNG
1.69243732139129e-07	0.553628685943354	0.136	0.092	0.00327842033526707	c16	ATP5I
1.72627315415799e-07	1.54029527119248	0.02	0.007	0.00334396372691944	c16	BCAS4
1.82145962119345e-07	1.39242881162812	0.023	0.009	0.00352834943221384	c16	HIST1H2AC
1.83152433038195e-07	0.967221218724479	0.049	0.025	0.00354784578038288	c16	NDUFS8
1.96575054255782e-07	1.4750499026978	0.021	0.008	0.00380785537598876	c16	COMT
2.12761570009623e-07	1.10151064541314	0.041	0.02	0.0041214043726564	c16	SNRPD1
2.13929442583153e-07	1.75229720699094	0.015	0.005	0.00414402723227826	c16	SUPV3L1
2.39609648817536e-07	0.302564413537508	0.526	0.477	0.0046414785072445	c16	RPLP0
2.40198578987075e-07	0.876413301300656	0.061	0.034	0.00465288667355862	c16	H2AFV
2.40705108389494e-07	1.08883616708779	0.038	0.018	0.00466269865461288	c16	SET
2.78873614625616e-07	0.608570283217989	0.112	0.074	0.0054020607889128	c16	NDUFA13
2.90914793754321e-07	1.61318733747871	0.017	0.006	0.00563531046981496	c16	TACC1
3.02949463341855e-07	1.01394316626314	0.043	0.022	0.00586843405439507	c16	PSMB6
3.10657823755979e-07	1.23379267609255	0.029	0.013	0.00601775270397707	c16	ETFB
3.21642721637459e-07	0.704678700492694	0.085	0.053	0.00623054116083922	c16	ARF1
3.40864903092415e-07	1.17982450004772	0.032	0.014	0.00660289403780317	c16	PUF60
3.53153904795762e-07	1.24789149694087	0.028	0.012	0.00684094428979871	c16	FBXO7
3.60417092272695e-07	1.26064697979768	0.028	0.012	0.00698163949441437	c16	CD4
3.64221435406228e-07	1.88864773012691	0.012	0.004	0.00705533342525404	c16	CAT
3.7528145307673e-07	1.77071531277156	0.014	0.004	0.00726957702754934	c16	DCTPP1
4.48242467997351e-07	0.645584994367797	0.107	0.07	0.00868290484757669	c16	SOCS1
4.52339679425292e-07	1.03565193498306	0.04	0.02	0.00876227193014732	c16	ABI3
5.03803202811239e-07	1.01408805152974	0.041	0.021	0.00975917184165651	c16	DCTN3
5.16055767311779e-07	0.842339560525121	0.061	0.035	0.00999651626859646	c16	FAM96B
5.20127681809657e-07	1.68661465718383	0.016	0.006	0.0100753933243349	c16	GTPBP6
5.48961548432278e-07	0.803166927289412	0.064	0.037	0.0106339341546817	c16	COPE
5.49601985339031e-07	1.27021316513921	0.033	0.015	0.0106463400580024	c16	FAM173A
5.7791890599228e-07	0.704608027669439	0.088	0.055	0.0111948671279765	c16	RABAC1
6.37831216917206e-07	1.04439696280486	0.038	0.019	0.0123554285029032	c16	LSM2
6.43773085808924e-07	0.62875942718791	0.1	0.065	0.0124705284452047	c16	KRTCAP2
6.78670628570591e-07	0.462547187776503	0.173	0.126	0.0131465287460409	c16	LSP1
7.3226452571459e-07	1.16588647002995	0.033	0.015	0.0141846961276173	c16	LINC01420
7.36458190977604e-07	0.844212708949424	0.057	0.032	0.0142659316174272	c16	TOMM5
8.75264020849642e-07	1.12476218216125	0.034	0.016	0.0169547393478784	c16	C20orf24
8.85625601002556e-07	1.02900872115793	0.037	0.018	0.0171554535170205	c16	MAP3K8
9.00112375671719e-07	0.849445417479292	0.056	0.031	0.0174360768291369	c16	DHRS7
9.68445024411365e-07	1.42642149382745	0.02	0.007	0.0187597485678726	c16	EDARADD
1.00399108829718e-06	2.02762638192635	0.01	0.003	0.0194483113714047	c16	RNASEH2A
1.00469209124135e-06	1.27716592578098	0.025	0.011	0.0194618904994363	c16	FIBP
1.06283468720508e-06	0.813298360516155	0.063	0.037	0.0205881707258495	c16	SCAND1
1.08347193782397e-06	0.907495583492381	0.049	0.026	0.0209879349075882	c16	EID1
1.14020945239633e-06	1.12199149753611	0.034	0.016	0.0220869973023694	c16	RPN2
1.14936087309071e-06	0.545808887559377	0.126	0.087	0.0222642694726401	c16	GUK1
1.17812094579508e-06	1.57595018295479	0.016	0.006	0.0228213808409964	c16	MTCH2
1.17977211142381e-06	1.75779408583266	0.013	0.004	0.0228533655703907	c16	PPIL3
1.19632978506807e-06	1.46586073124313	0.019	0.007	0.0231741042665536	c16	GNB1
1.20205453600102e-06	1.04935184474762	0.042	0.022	0.0232849984168758	c16	SNX3
1.23198958878696e-06	0.923450181551031	0.046	0.025	0.0238648703243923	c16	MRPS6
1.23988342432923e-06	1.04489885706662	0.037	0.018	0.0240177818126816	c16	NDUFA7
1.2929418798028e-06	0.760048115124279	0.067	0.04	0.0250455771536601	c16	PGAM1
1.32891290215774e-06	1.80316692728941	0.012	0.004	0.0257423718276975	c16	NBPF14
1.36372977119129e-06	1.15220025233937	0.03	0.014	0.0264168093977465	c16	CCDC59
1.43570455213151e-06	0.645204830931489	0.1	0.066	0.0278110328793395	c16	RPL22L1
1.46120567397386e-06	0.386827093135566	0.269	0.214	0.0283050151105477	c16	GZMA
1.56559780626391e-06	1.0283285941772	0.039	0.02	0.0303271951051382	c16	ATP5G1
1.73809582847543e-06	1.99294454254164	0.01	0.003	0.0336686542933975	c16	FAM104B
1.77709853421694e-06	0.789484717992512	0.061	0.036	0.0344241757063163	c16	NDUFB4
1.81534179613193e-06	1.06739399516765	0.034	0.017	0.0351649859328717	c16	FERMT3
1.86317007528983e-06	1.78136255697106	0.012	0.004	0.0360914675284393	c16	PFDN6
1.90590948253593e-06	1.49251185933313	0.012	0.004	0.0369193725862034	c16	LGMN
2.42814238084256e-06	1.96915397920689	0.01	0.003	0.0470355460593013	c16	ZBTB48
