p_val	avg_log2FC	pct.1	pct.2	p_val_adj	cluster	gene
0	3.60063605513653	0.999	0.105	0	c6	GNLY
0	2.00120711937613	0.832	0.273	0	c6	NKG7
0	1.02451012791404	0.83	0.445	0	c6	CCL5
0	1.78723979850999	0.486	0.126	0	c6	GZMB
0	1.96166302464745	0.439	0.118	0	c6	GZMH
0	1.27854356827893	0.533	0.225	0	c6	CST7
0	1.80292043964948	0.42	0.129	0	c6	CTSW
0	1.19794656306967	0.463	0.219	0	c6	IFITM2
0	2.05672047645763	0.305	0.075	0	c6	PRF1
0	1.24308056929556	0.425	0.197	0	c6	GZMA
0	0.99827713506567	0.459	0.24	0	c6	HCST
0	0.79378480436315	0.589	0.376	0	c6	IFITM1
0	2.00589945884922	0.286	0.074	0	c6	KLRD1
0	0.702507381856324	0.617	0.42	0	c6	PFN1
0	3.08610793466025	0.218	0.026	0	c6	FGFBP2
0	0.579649505976813	0.572	0.398	0	c6	SH3BGRL3
0	0.822805491916877	0.443	0.27	0	c6	MYL12A
0	1.95298781082332	0.236	0.063	0	c6	HOPX
0	0.482867142498593	0.863	0.714	0	c6	HLA-C
0	0.800545951950597	0.362	0.216	0	c6	CD7
0	0.839134724376528	0.311	0.176	0	c6	CD99
0	1.69527187104423	0.165	0.047	0	c6	TYROBP
0	1.61397280167024	0.173	0.057	0	c6	LITAF
0	2.98022540355456	0.098	0.012	0	c6	SPON2
0	1.73783719984467	0.124	0.04	0	c6	KLRC2
0	2.1272659911529	0.108	0.025	0	c6	CLIC3
0	1.39131645212173	0.134	0.052	0	c6	RAP1B
0	2.49435900364025	0.066	0.012	0	c6	FCGR3A
0	2.8710870574294	0.063	0.009	0	c6	KLRF1
0	1.88129896339671	0.072	0.019	0	c6	PLAC8
0	2.31227082917833	0.06	0.012	0	c6	GPR56
0	2.91336263630757	0.05	0.004	0	c6	PTGDS
0	0.39629158989703	0.993	0.951	0	c6	B2M
9.24677400679035e-289	0.266406874151625	0.895	0.818	1.79119259285536e-284	c6	COX2
1.1322194805865e-283	0.404811931962897	0.777	0.635	2.19322235584411e-279	c6	HLA-A
1.56676234356863e-272	2.60723591579252	0.035	0.006	3.0349753357268e-268	c6	S1PR5
1.05748611143607e-269	0.937690602643452	0.24	0.129	2.04845634646281e-265	c6	IFITM3
1.57626503813269e-269	1.61591242310934	0.088	0.029	3.05338300536684e-265	c6	KLRC3
1.86566362256176e-266	1.26002828755698	0.139	0.059	3.61397700326438e-262	c6	CD247
1.29810716683548e-264	3.12848563782963	0.024	0.003	2.51456339287701e-260	c6	PRSS23
2.18450924992044e-264	1.40540640692104	0.108	0.041	4.23161286802089e-260	c6	C12orf75
3.84745131594169e-244	1.29208304012707	0.124	0.052	7.45289794411065e-240	c6	ZNF683
5.43522201706241e-239	0.588777716658045	0.432	0.293	1.05285685692516e-234	c6	CFL1
4.32479227230098e-232	1.0622988955861	0.16	0.077	8.37755511067423e-228	c6	GZMM
1.54385333291826e-213	0.235148692287334	0.857	0.763	2.99059829119597e-209	c6	COX1
3.3227243851853e-211	1.02460766821229	0.161	0.081	6.43644940654243e-207	c6	ITGB2
5.32078245124779e-204	1.20502948256572	0.122	0.055	1.03068876863121e-199	c6	LOC101060038
1.48257134287649e-196	0.455066882162166	0.506	0.372	2.87188894828605e-192	c6	S100A4
4.28735623181428e-196	1.49276841184197	0.068	0.023	8.30503775664743e-192	c6	FCER1G
5.12934660085987e-184	2.51872576940893	0.025	0.004	9.93605730052566e-180	c6	TTC38
5.08724610751028e-183	0.237002935581286	0.948	0.869	9.85450443485817e-179	c6	TMSB4X
1.28413688984537e-178	0.660736652031095	0.295	0.191	2.48750156931946e-174	c6	CALM1
1.31744167588369e-166	0.278736890390774	0.78	0.673	2.55201627035429e-162	c6	TMSB10
5.29339789175534e-166	0.296567910274895	0.7	0.6	1.02538410561193e-161	c6	ATP6
5.31249664947705e-165	1.32969037193567	0.076	0.03	1.0290837259702e-160	c6	KLRG1
2.07457368813293e-159	2.35584920131634	0.025	0.005	4.0186566912823e-155	c6	CX3CR1
3.41544567359023e-158	0.289320241918787	0.831	0.748	6.61605981431164e-154	c6	ACTB
3.22816062682334e-150	0.279056819196024	0.611	0.505	6.25326995021949e-146	c6	ATP8
9.93578497962825e-144	0.526864171902452	0.348	0.247	1.92466090840379e-139	c6	PPIA
7.75399990421063e-137	1.14675360259335	0.085	0.038	1.50202732144464e-132	c6	LYAR
3.76906490812874e-135	1.09801955439034	0.09	0.042	7.30105563353618e-131	c6	CD63
1.09571844554472e-134	1.08498289700215	0.093	0.044	2.12251620086467e-130	c6	ITGB1
5.78860105000199e-132	0.51387133344351	0.363	0.266	1.12130990939589e-127	c6	CD52
2.48023639739815e-130	1.30193318841716	0.063	0.026	4.80446592539995e-126	c6	BIN2
4.0807320877513e-130	1.2221371837106	0.071	0.03	7.90478612718305e-126	c6	KLRK1
1.43289037984919e-128	2.32843880423463	0.02	0.004	2.77565195480586e-124	c6	SH2D1B
1.96495026854295e-125	0.597706944567246	0.248	0.165	3.80630516519456e-121	c6	CYBA
1.06293791284044e-123	1.61571944205603	0.04	0.013	2.05901703096321e-119	c6	TPST2
5.48874450481365e-123	0.675566255374616	0.2	0.126	1.06322469802745e-118	c6	ARPC2
7.49303387633645e-120	1.11910246196113	0.082	0.039	1.45147559218513e-115	c6	CMC1
1.33465198309764e-119	1.34019675188685	0.054	0.021	2.58535435645844e-115	c6	DSTN
1.36738846163429e-118	2.15542211147669	0.022	0.005	2.64876818903179e-114	c6	C1orf21
2.29085691091327e-115	1.26227612499398	0.061	0.026	4.4376189221301e-111	c6	KLRC1
4.41480002282236e-114	1.08779174923666	0.078	0.037	8.55190912420919e-110	c6	FLNA
2.44445680045211e-110	1.52346404207146	0.039	0.013	4.73515726815579e-106	c6	PLEK
4.23581823509727e-110	1.16311675350014	0.067	0.03	8.20520350320693e-106	c6	GPR65
4.99016984444593e-110	1.54956029137102	0.038	0.013	9.66645800567621e-106	c6	ZEB2
6.95351604603363e-110	0.443026564415975	0.349	0.258	1.34696559327717e-105	c6	PTPRCAP
2.20764483475274e-107	0.670639436882577	0.171	0.107	4.27642880939953e-103	c6	LOC101929531
4.62089889843968e-105	1.71331755005688	0.03	0.009	8.9511432561675e-101	c6	TARP
2.51594557760539e-101	0.286380554928892	0.579	0.477	4.87363817837939e-97	c6	RPS26
7.14622527312245e-100	1.2627662705794	0.051	0.021	1.38429529765655e-95	c6	MATK
1.56363284782645e-98	0.516954009233569	0.257	0.181	3.02891318952462e-94	c6	RAC2
1.02929512199387e-97	0.398287130348066	0.367	0.279	1.99384758081432e-93	c6	SERF2
2.00696009897644e-97	0.598472415153852	0.199	0.132	3.88768240772726e-93	c6	RARRES3
6.2300664891703e-97	1.84576605455229	0.025	0.007	1.20682617961718e-92	c6	KIR2DL4
9.15363865530817e-97	0.622543095202436	0.171	0.11	1.77315134391975e-92	c6	LGALS1
2.4751663160992e-93	0.553318563202137	0.22	0.151	4.79464467091575e-89	c6	CLIC1
4.12421413077866e-90	1.24685240056623	0.047	0.02	7.98901519273133e-86	c6	APMAP
1.0862716678811e-87	0.957286254757632	0.077	0.04	2.10421684785248e-83	c6	SLC9A3R1
2.69833881884415e-86	1.25742394020164	0.043	0.018	5.22695212598301e-82	c6	NCR3
2.39040132611077e-85	0.81515111476468	0.102	0.059	4.63044640880917e-81	c6	CCND3
2.66124412594303e-85	0.128222122154325	0.582	0.488	5.15509599636423e-81	c6	ND4L
1.32253280184406e-83	1.78996919482902	0.022	0.006	2.56187829045213e-79	c6	FCRL6
9.51218270993913e-82	1.53640551587449	0.03	0.01	1.84260491274231e-77	c6	STARD3NL
3.9322781996667e-81	1.07915036042198	0.058	0.028	7.61721610057436e-77	c6	IL2RB
1.33483330358706e-80	0.786513368630737	0.101	0.058	2.5857055923785e-76	c6	GSTP1
2.68016140392738e-80	1.10609959193926	0.051	0.023	5.19174065554773e-76	c6	RPS4Y1
4.35526470106079e-72	1.02189751224596	0.056	0.028	8.43658325242486e-68	c6	HMGN3
2.53892796853873e-71	0.684730829693458	0.115	0.071	4.91815736785638e-67	c6	CALR
1.4217615784726e-68	1.77802416104266	0.018	0.005	2.75409435365927e-64	c6	CD160
3.27533505127768e-68	1.69813672488457	0.02	0.006	6.34465152782999e-64	c6	CD300A
3.06382763010896e-67	0.25931785489941	0.444	0.366	5.93494050228406e-63	c6	ND4
2.90286453846296e-66	0.552450319491499	0.158	0.108	5.62313889745659e-62	c6	PPIB
6.39345119279237e-66	0.546625666583914	0.165	0.114	1.23847543055581e-61	c6	EMP3
3.4207490138611e-65	1.49083823646961	0.024	0.008	6.62633291475034e-61	c6	EFHD2
1.62407409153667e-64	0.778768298320912	0.083	0.048	3.14599392271568e-60	c6	SEPT7
1.82849028338977e-63	0.339017120442035	0.32	0.251	3.54196852795432e-59	c6	TMA7
1.62341141615136e-62	2.35881161517221	0.01	0.002	3.14471025422681e-58	c6	KIR2DS5
9.03841548762335e-62	1.58742994180568	0.02	0.007	1.75083146410752e-57	c6	PXN
3.13936008073264e-60	1.3802043967849	0.026	0.01	6.08125441238719e-56	c6	CD320
1.1252068072818e-57	0.484970978392291	0.201	0.149	2.17963810638558e-53	c6	KLRB1
1.01053844869651e-56	0.878395958287848	0.059	0.032	1.95751402897e-52	c6	ARPC5L
4.89259653894668e-55	0.426155762681557	0.205	0.152	9.47744875559362e-51	c6	CD8A
1.10570460008871e-53	0.426633096788325	0.187	0.137	2.14186038083185e-49	c6	IL2RG
3.4157498065901e-53	1.33078428437663	0.024	0.01	6.61664895034567e-49	c6	TBX21
9.2746210458718e-52	0.239257532427992	0.463	0.397	1.79658684279583e-47	c6	ACTG1
1.78648803333635e-51	0.457149940933476	0.169	0.123	3.46060596937584e-47	c6	LSP1
1.85421230160283e-50	1.3333261846902	0.021	0.008	3.59179464943485e-46	c6	LAIR2
2.87741561531138e-50	0.695925563770601	0.079	0.049	5.57384178841967e-46	c6	DBI
3.17711999345196e-50	0.791222048239351	0.063	0.037	6.1543991393158e-46	c6	SYTL3
3.39374115285624e-49	1.01705888924161	0.038	0.019	6.57401598719781e-45	c6	RASSF1
5.3069918388137e-49	0.122528623991453	0.543	0.472	1.0280173890966e-44	c6	CYTB
1.0284502987316e-48	0.259160870340925	0.273	0.215	1.99221107367299e-44	c6	ND5
1.49119133770065e-48	1.47802107131029	0.018	0.006	2.88858674025992e-44	c6	UBE2F
3.58548865519006e-48	1.66920814504482	0.014	0.005	6.94545007396867e-44	c6	TGFBR3
5.47349465645523e-48	0.843684693092214	0.054	0.03	1.06027064990194e-43	c6	DHRS7
1.71618822655742e-47	1.28384363458806	0.024	0.01	3.32442821366438e-43	c6	PTGDR
8.70211289496525e-47	0.650464794291835	0.084	0.053	1.68568628888372e-42	c6	PPP1CA
1.50872716926691e-46	0.254109168593997	0.103	0.068	2.92255539958693e-42	c6	XCL2
1.62326598601015e-46	1.17783125065105	0.027	0.012	3.14442854150026e-42	c6	SYNE1
1.73905997092995e-46	1.0064593128321	0.037	0.019	3.3687330696884e-42	c6	AOAH
2.28241034774977e-46	0.873695442191792	0.048	0.026	4.42125708462608e-42	c6	NDUFB7
3.62414172130581e-46	1.3978288725492	0.019	0.007	7.02032492834148e-42	c6	ADRB2
4.1427012573325e-46	0.730670121506157	0.067	0.04	8.02482660557878e-42	c6	PDIA3
7.16764799341857e-46	0.92657582498927	0.043	0.023	1.38844509280511e-41	c6	KLRC4
7.33723790449939e-46	0.785496583234244	0.058	0.034	1.42129635448058e-41	c6	RUNX3
2.01665886931634e-45	1.1535983123782	0.028	0.013	3.90646989575267e-41	c6	MTRNR2L8
3.02275070777315e-45	1.00052497033742	0.037	0.019	5.85537039602738e-41	c6	ABI3
2.0659706621958e-44	0.982933343534039	0.037	0.019	4.00199176973948e-40	c6	SAMD3
2.13879879762787e-43	0.229060896624746	0.111	0.076	4.14306715088495e-39	c6	XCL1
2.1214876516153e-42	0.614596546762677	0.086	0.056	4.10953372994399e-38	c6	NDUFB2
3.96478784015012e-40	0.622439907321349	0.077	0.05	7.68019052515479e-36	c6	GNG2
5.44855195142697e-40	0.71664603667092	0.06	0.037	1.05543899851092e-35	c6	RHOC
1.48332138520432e-39	0.750652947651671	0.055	0.033	2.87334185527928e-35	c6	ARL4C
2.53892805719063e-39	0.2710811518098	0.286	0.233	4.91815753958397e-35	c6	MYL6
4.30784646879636e-39	1.20898187199972	0.022	0.009	8.34472939470543e-35	c6	MAPK1
2.00427261599405e-38	0.806359053102703	0.047	0.027	3.88247648444208e-34	c6	C5orf56
2.82658413658265e-38	0.437512704068049	0.136	0.1	5.47537613097424e-34	c6	PSMB9
7.45296015498481e-38	0.487750933497939	0.115	0.082	1.44371291162211e-33	c6	C9orf142
9.2818823279467e-38	0.883204290058271	0.039	0.021	1.79799342574656e-33	c6	PYHIN1
1.54723055590028e-37	0.673417531699245	0.064	0.04	2.99714030983443e-33	c6	APOBEC3G
2.67509397811779e-37	0.109605889977757	0.451	0.384	5.18192454501197e-33	c6	IL32
3.46580804676261e-37	1.46709394591805	0.014	0.005	6.71361676738385e-33	c6	LPCAT1
1.49302936267384e-35	0.430883196195102	0.127	0.093	2.8921471784355e-31	c6	LY6E
2.05522349258271e-35	0.356212871136674	0.189	0.148	3.98117342748196e-31	c6	PSME1
2.26522042428012e-35	0.517750755827632	0.088	0.06	4.38795848387301e-31	c6	CTSD
2.37832082572763e-34	1.37411424269964	0.015	0.006	4.60704527151699e-30	c6	GNPTAB
2.47125877014895e-34	0.470148227538999	0.109	0.078	4.78707536365552e-30	c6	CLEC2B
3.86029985130542e-34	0.913100300487251	0.032	0.017	7.47778684196374e-30	c6	CHST12
5.76849450919397e-34	0.365239381889233	0.175	0.136	1.11741507137596e-29	c6	SRP14
1.09414309065388e-33	0.996155624106018	0.027	0.014	2.11946458090563e-29	c6	SLA2
1.66999691194462e-33	1.3866054423559	0.014	0.005	3.23495101812793e-29	c6	FGR
2.81603559330949e-33	0.463198258060435	0.091	0.063	5.45494254779982e-29	c6	LINC00861
2.84721962248857e-33	0.759698883716294	0.045	0.026	5.5153491307226e-29	c6	MBP
3.77591359911354e-33	0.568297272709462	0.075	0.05	7.31432223284284e-29	c6	SH2D2A
4.18663716693517e-33	0.736411564134836	0.048	0.029	8.10993485607012e-29	c6	CD47
1.42812156523382e-32	0.517369003533683	0.084	0.058	2.76641428401442e-28	c6	ID2
6.11579946271587e-32	1.22656618437138	0.017	0.007	1.18469151392269e-27	c6	LOC100130872
8.17907899397189e-32	0.49472517102961	0.081	0.056	1.5843693919223e-27	c6	CTSC
2.74839442963346e-30	1.03430918848671	0.022	0.011	5.32391484964297e-26	c6	PTPN4
4.58280648597813e-30	0.898955212486549	0.03	0.016	8.87735444398823e-26	c6	TRG-AS1
1.81052054208188e-29	0.452685725266303	0.104	0.076	3.5071593420668e-25	c6	TPM3
8.95118373831959e-29	0.59871260621488	0.061	0.041	1.73393380194989e-24	c6	PPP1R18
1.95836906340733e-28	0.5099860601012	0.078	0.054	3.79355671272635e-24	c6	AES
2.48971717596939e-28	0.357938168140991	0.156	0.122	4.82283114157031e-24	c6	MYL12B
2.85392932858047e-28	0.638681337854639	0.052	0.034	5.52834650239322e-24	c6	OSTF1
3.10104537648265e-28	0.659137490608233	0.049	0.031	6.00703499878455e-24	c6	SUN2
5.00066384052881e-28	0.413070363280783	0.114	0.085	9.68678592548836e-24	c6	GUK1
1.25960103712029e-27	0.493169210295442	0.085	0.061	2.43997316900571e-23	c6	CD53
1.62023802174361e-27	0.642365040489301	0.051	0.033	3.13856307191955e-23	c6	SELPLG
3.10546391575468e-27	0.812617100867198	0.032	0.018	6.01559415120839e-23	c6	NDUFA12
4.60824262962537e-27	0.673954612182905	0.045	0.028	8.92662679784731e-23	c6	LOC374443
8.63747883501451e-27	0.538428772190039	0.066	0.045	1.67316602513066e-22	c6	YWHAQ
1.14731173409982e-26	0.75394119353959	0.035	0.02	2.22245756012476e-22	c6	PTGER2
1.54105412254237e-26	0.254058342643684	0.266	0.225	2.98517594077682e-22	c6	CD3D
1.54188657173317e-26	0.574657859740396	0.061	0.041	2.98678847810433e-22	c6	PSMB10
1.83326390661969e-26	0.168728266429347	0.294	0.249	3.55121551351299e-22	c6	S100A6
2.12337936082763e-26	0.365402743560067	0.131	0.101	4.1131981598592e-22	c6	SUB1
8.92973156169191e-26	0.609900191081951	0.057	0.038	1.72977830081534e-21	c6	MTRNR2L2
1.91119080922731e-25	1.38421285603525	0.011	0.004	3.70216771655422e-21	c6	TSPAN32
1.47822532666459e-24	1.06625128586536	0.017	0.008	2.86347028028197e-20	c6	S1PR1
1.55362478337708e-24	1.35584920131634	0.011	0.004	3.00952656787974e-20	c6	KIR3DL2
6.59215896491806e-24	0.68984677046711	0.038	0.024	1.27696711309428e-19	c6	DOK2
1.21378678812137e-23	1.20409834933376	0.013	0.006	2.3512263872699e-19	c6	SH3BP5
1.65259467468255e-23	0.561437079497926	0.056	0.038	3.20124114432757e-19	c6	CAP1
1.88030877653056e-23	0.112542427068969	0.699	0.654	3.64234613101734e-19	c6	RPL26
2.78362979112591e-22	0.564809820548103	0.05	0.034	5.39216926838999e-18	c6	CDK2AP2
3.87021708729639e-22	0.774203753361095	0.028	0.017	7.49699751980184e-18	c6	SCP2
5.14583264893409e-22	0.248589995820812	0.267	0.231	9.96799242425022e-18	c6	HLA-H
5.92588335682099e-22	0.196567344496	0.294	0.254	1.14790286504979e-17	c6	ARHGDIB
6.27911629569513e-22	1.09030216548888	0.015	0.007	1.2163276176391e-17	c6	TXK
7.69537394515643e-22	0.631414837085392	0.041	0.027	1.49067088691625e-17	c6	FAM49B
3.01794961360901e-21	0.56553708477259	0.049	0.033	5.84607019652201e-17	c6	PRELID1
5.67264150366197e-21	0.907820845315976	0.02	0.01	1.09884738567436e-16	c6	TES
6.88434396571853e-21	0.796849511365669	0.027	0.016	1.33356626959934e-16	c6	C20orf24
1.0017976294951e-20	1.08781225934386	0.014	0.006	1.94058218809495e-16	c6	KRT86
3.72360308348236e-20	0.395107990375725	0.096	0.074	7.21299153301369e-16	c6	CD3G
5.1704402487458e-20	1.05922109790154	0.014	0.007	1.00156598058455e-15	c6	RAB29
5.74855299122404e-20	0.511717608788685	0.056	0.039	1.11355219993001e-15	c6	MSN
1.21290966561761e-19	0.41071134176713	0.082	0.061	2.34952731326786e-15	c6	PSMB8
4.10638778720191e-19	0.559739851789077	0.045	0.03	7.95448378258883e-15	c6	BSG
1.25600477166755e-18	0.276506439107131	0.161	0.133	2.43300684319722e-14	c6	RHOA
1.77548642075845e-18	0.699199984989657	0.029	0.018	3.4392947456512e-14	c6	ACP5
2.17420334667467e-18	1.09523061496494	0.012	0.006	4.2116493028435e-14	c6	KLF3
2.6887950206413e-18	0.856526063937464	0.02	0.011	5.20846483448426e-14	c6	RNF125
5.94584257730249e-18	0.946871208337755	0.015	0.008	1.15176916564926e-13	c6	LAIR1
9.91232999885787e-18	0.75603357250083	0.024	0.014	1.92011744407876e-13	c6	AGTRAP
1.35134642256384e-17	0.635749503367525	0.032	0.021	2.61769315514841e-13	c6	GLIPR2
2.11806397773635e-17	0.918738286528869	0.016	0.008	4.10290173127308e-13	c6	MYBL1
2.25595359849836e-17	0.43771085903461	0.063	0.047	4.37000771565117e-13	c6	TRAPPC1
2.54477358699092e-17	0.34829913547169	0.1	0.079	4.92948091536011e-13	c6	COX6C
3.67656787213845e-17	0.405527260955946	0.072	0.054	7.1218796251194e-13	c6	RABAC1
3.70106237842253e-17	0.290953974052458	0.129	0.105	7.16932793324228e-13	c6	SUMO2
1.11449326482994e-16	0.442315332077212	0.055	0.039	2.15888490330208e-12	c6	HSP90B1
1.71213510258747e-16	0.72731189282337	0.024	0.014	3.31657690722219e-12	c6	TLN1
1.90942808411188e-16	0.214513686526186	0.225	0.195	3.69875314173313e-12	c6	CORO1A
4.0548692134238e-16	0.336503699270962	0.095	0.075	7.85468715332324e-12	c6	SSR2
6.07697779037453e-16	0.729678818557929	0.022	0.013	1.17717136777345e-11	c6	ITGB7
7.37975358798938e-16	0.68263879091876	0.028	0.018	1.42953206752942e-11	c6	MAP3K8
1.08578822534758e-15	0.505036900295298	0.045	0.031	2.10328037132079e-11	c6	PRDX5
1.09578388584992e-15	0.284975666324952	0.129	0.106	2.12264296527988e-11	c6	ARPC3
6.61434790470628e-15	0.175466039279791	0.258	0.227	1.28126533262065e-10	c6	PPDPF
7.62568615977126e-15	0.437572977548671	0.054	0.039	1.47717166600929e-10	c6	ZAP70
8.81273436317365e-15	0.540400597212403	0.037	0.026	1.70711477349037e-10	c6	PRMT2
9.67590680876788e-15	0.383929212709941	0.068	0.051	1.87431990792643e-10	c6	SEPW1
1.00280214279556e-14	0.103527791353437	0.107	0.086	1.94252803080928e-10	c6	IFNG
1.32744671250866e-14	0.874405004796072	0.015	0.008	2.57139702680052e-10	c6	HAVCR2
1.98794538407314e-14	0.270588778329893	0.095	0.076	3.85084900348808e-10	c6	UCP2
2.85287952124941e-14	0.224293591639112	0.171	0.146	5.52631292061223e-10	c6	YWHAZ
5.055631729331e-14	0.672654863591119	0.022	0.014	9.79326422288709e-10	c6	MYO1G
5.50520597194065e-14	0.729261490276835	0.02	0.012	1.06641344882462e-09	c6	CAPN2
6.10489731891147e-14	0.604566304325692	0.029	0.019	1.18257965964634e-09	c6	MIEN1
6.42765984204152e-14	0.661544759284136	0.023	0.015	1.24510198800186e-09	c6	ADD3
7.90377438973306e-14	0.642310713824082	0.024	0.016	1.53104013703519e-09	c6	SDF2L1
9.87861564825996e-14	0.303192778662592	0.099	0.08	1.91358663722444e-09	c6	VAMP2
9.93894977724416e-14	0.892240484351793	0.013	0.007	1.92527396134997e-09	c6	HSH2D
1.20884472567794e-13	0.315733619504927	0.099	0.08	2.34165311811074e-09	c6	LCP1
1.69485748883466e-13	0.77634547555883	0.017	0.01	3.28310844162163e-09	c6	STK38
1.77735732396842e-13	0.702978699085076	0.02	0.012	3.44291887225922e-09	c6	PLEKHF1
3.3702532682099e-13	0.314062808830535	0.085	0.068	6.52851760584941e-09	c6	POLR2L
3.8132461103744e-13	0.578416688606817	0.028	0.019	7.38663904040625e-09	c6	PRKACB
4.35693742614293e-13	0.367588252420639	0.069	0.053	8.43982348818148e-09	c6	ACTR3
4.9632331392098e-13	0.396271011064558	0.059	0.045	9.6142789139633e-09	c6	WDR83OS
8.65551074307579e-13	0.56810747218687	0.028	0.019	1.67665898604121e-08	c6	RNF166
9.43229307412204e-13	0.455820650781235	0.046	0.034	1.82712949138818e-08	c6	ARPC5
1.14789326673382e-12	0.563205502970171	0.029	0.02	2.22358404699008e-08	c6	TGFB1
1.22390016582168e-12	0.510340997487581	0.035	0.024	2.37081701121318e-08	c6	ATP5F1
1.96434585589301e-12	0.538350358719352	0.032	0.022	3.80513435745034e-08	c6	AKNA
2.01786601497126e-12	0.273424046650826	0.11	0.091	3.90880825760083e-08	c6	ATP5I
2.37857580060096e-12	0.391136248181422	0.053	0.04	4.60753918334412e-08	c6	LAG3
3.0452142514947e-12	0.549994742255032	0.029	0.02	5.89888452657038e-08	c6	BANF1
4.58688435526665e-12	0.652848588122525	0.021	0.013	8.88525368458703e-08	c6	ARIH2
5.0278691147548e-12	0.336628594748627	0.072	0.057	9.73948526219152e-08	c6	PRR13
5.61869128210163e-12	0.97066713130861	0.01	0.005	1.08839668825591e-07	c6	IL18RAP
6.11863679462644e-12	0.407318703845648	0.05	0.038	1.18524113348709e-07	c6	JAK1
9.67267047659204e-12	0.521686674419138	0.03	0.021	1.87369299802064e-07	c6	PTMS
9.7679487760999e-12	0.732427813661818	0.016	0.009	1.89214935741831e-07	c6	TMIGD2
1.03225949275299e-11	0.651966543451644	0.019	0.012	1.99958986341182e-07	c6	MYO1F
1.16969119128327e-11	0.407739282835353	0.048	0.036	2.26580880663482e-07	c6	XBP1
1.33782774077051e-11	0.283361112114032	0.103	0.086	2.59150611664655e-07	c6	SSR4
2.11749356018715e-11	0.344733563808466	0.065	0.051	4.10179677543853e-07	c6	ATP5G3
2.66790689178391e-11	0.362467437750375	0.058	0.045	5.16800244007461e-07	c6	HNRNPF
3.0016293042722e-11	0.646323135704492	0.019	0.012	5.81445612530567e-07	c6	MRPL10
8.16667997076036e-11	0.410081496411747	0.044	0.033	1.58196757713599e-06	c6	COX7B
8.6721493043338e-11	0.849549762432473	0.011	0.006	1.6798820417425e-06	c6	CRBN
1.20367516825543e-10	0.473743454892774	0.033	0.024	2.33163916842759e-06	c6	BIN1
1.2333740749552e-10	0.355039750067624	0.057	0.045	2.38916892059572e-06	c6	VAMP8
1.33469849566927e-10	0.296283740408631	0.079	0.064	2.58544445596095e-06	c6	PSME2
1.75928327753483e-10	0.423023256313984	0.04	0.03	3.40790763691271e-06	c6	UFC1
2.45267132020799e-10	0.74417572138358	0.013	0.008	4.7510696143749e-06	c6	SRPK2
2.92238422929587e-10	0.804561000302353	0.011	0.006	5.66095049056903e-06	c6	GALNT2
3.48428602567438e-10	0.218775500923431	0.136	0.117	6.74941046033385e-06	c6	PCED1B-AS1
4.24437619285605e-10	0.420379492614599	0.041	0.031	8.22178112318144e-06	c6	UBE2L6
4.42597388193459e-10	0.176657338554884	0.148	0.128	8.5735540066955e-06	c6	CD8B
6.17167793375638e-10	0.305271072722144	0.069	0.056	1.19551573254795e-05	c6	CDC42
6.56444601188113e-10	0.698962494550685	0.014	0.009	1.27159883696149e-05	c6	HDDC2
6.9051508322382e-10	0.44411234208775	0.037	0.027	1.33759676771286e-05	c6	PTPN22
8.26944999081939e-10	0.181187301792291	0.159	0.139	1.60187515772162e-05	c6	LOC101929876
8.70018010115052e-10	0.418658934815076	0.039	0.03	1.68531188739387e-05	c6	POMP
1.0112792788078e-09	0.77581353965402	0.013	0.008	1.95894909097858e-05	c6	CSF1
1.34889141046525e-09	0.362794679279251	0.049	0.038	2.61293755121224e-05	c6	BST2
1.37467960066057e-09	0.238187102781369	0.098	0.083	2.6628918544396e-05	c6	TPI1
1.38028764798352e-09	0.300570989155111	0.072	0.058	2.67375520290888e-05	c6	TBC1D10C
1.78772669453373e-09	0.239251901615144	0.103	0.087	3.46300537998129e-05	c6	COX6A1
2.14478548912433e-09	0.523355163535432	0.025	0.017	4.15466397098274e-05	c6	ITGAL
2.73315442483947e-09	0.545931405808643	0.022	0.015	5.29439343635654e-05	c6	CASP4
2.95172968668586e-09	0.319993048339647	0.062	0.05	5.71779557607917e-05	c6	PIK3R1
3.33225918119858e-09	0.380953233237396	0.043	0.033	6.45491925989977e-05	c6	SRP9
4.17797843829497e-09	0.388726216312189	0.04	0.03	8.0931620328212e-05	c6	RNF167
4.5164073545608e-09	0.451733296100256	0.03	0.022	8.74873268651973e-05	c6	CDC42SE1
4.65454478227248e-09	0.364120909279741	0.045	0.035	9.01631869774002e-05	c6	PAIP2
4.68294474602743e-09	0.695948620048894	0.013	0.008	9.07133226752973e-05	c6	SYTL2
5.08459767907717e-09	0.409774890692269	0.037	0.028	9.84937416414039e-05	c6	ARRB2
5.17977220198234e-09	0.272241370891901	0.076	0.063	0.0001003373673246	c6	UQCR10
5.70358156987718e-09	0.511968403233626	0.023	0.016	0.000110484078590091	c6	ACTN4
5.99893001073374e-09	0.358798354030837	0.046	0.036	0.000116205273237923	c6	WDR1
6.83922618385567e-09	0.619840618820978	0.016	0.01	0.000132482650407468	c6	KCNAB2
9.68619213640364e-09	0.336175149657566	0.049	0.039	0.000187631227874275	c6	ITGA4
9.9796202671139e-09	0.373417506188266	0.042	0.032	0.000193315224194263	c6	SPCS2
1.09213312159904e-08	0.274046283603574	0.077	0.064	0.00021155710698495	c6	EIF3G
1.45697799787132e-08	0.369380486411959	0.04	0.031	0.000282231207967652	c6	ERH
1.62509258796583e-08	0.356663983370797	0.044	0.034	0.00031479668521486	c6	TBCA
1.72662643657325e-08	0.331171496227744	0.052	0.041	0.000334464807028604	c6	PVRIG
1.88535466127314e-08	0.136044366865872	0.251	0.23	0.00036521205143522	c6	RPL36AL
2.01472061541899e-08	0.416127518456497	0.032	0.024	0.000390271530412813	c6	SASH3
2.36528298580443e-08	0.406406654678772	0.034	0.026	0.000458178967180176	c6	EID1
2.66939750762921e-08	0.260802177591278	0.078	0.066	0.000517088991202854	c6	USMG5
3.16927179869976e-08	0.272786731421406	0.066	0.054	0.00061391964012613	c6	GIMAP7
3.558954176398e-08	0.543508180623719	0.019	0.013	0.000689405013510057	c6	PLA2G16
3.75250830633888e-08	0.282013772988298	0.072	0.06	0.000726898384020905	c6	RBM39
3.92280913968148e-08	0.310424538947501	0.054	0.043	0.000759887358447699	c6	RNF213
4.72682005316003e-08	0.343160903815344	0.045	0.035	0.000915632312497629	c6	SYNE2
6.8838101774348e-08	0.268007238222739	0.07	0.058	0.0013334628694709	c6	NDUFA1
7.05045582772369e-08	0.588090453604535	0.015	0.01	0.00136574379838836	c6	RPA2
9.50248251752779e-08	0.309347933965952	0.044	0.035	0.00184072588847031	c6	ARL6IP1
1.03717073764911e-07	0.144738579029664	0.16	0.142	0.0020091034359001	c6	HMGB1
1.15180807297482e-07	0.538783557819269	0.018	0.012	0.00223116741815952	c6	IER3IP1
1.4869221420795e-07	0.181304800159101	0.128	0.113	0.00288031688142219	c6	UBL5
1.5574393941417e-07	0.280273241179142	0.062	0.051	0.00301691585039189	c6	HLA-F
1.73314598503498e-07	0.428200045541028	0.027	0.02	0.00335727708761126	c6	SERPINB1
1.96017444966545e-07	0.370307254010036	0.035	0.027	0.00379705392644695	c6	BZW1
1.97907576598999e-07	0.162310515477893	0.153	0.136	0.00383366766629921	c6	EVL
2.43102251695964e-07	0.249810339530442	0.07	0.058	0.00470913371760252	c6	PARK7
2.69029403172145e-07	0.197907785462607	0.114	0.1	0.00521136856884763	c6	DAZAP2
3.38531638287578e-07	0.262805990255774	0.063	0.052	0.00655769636526867	c6	ARF1
3.49440589429291e-07	0.568011986380965	0.015	0.01	0.0067690136578348	c6	PSMA4
3.56024402443973e-07	0.359694442908699	0.036	0.028	0.00689654869974221	c6	NAA38
4.14599456177039e-07	0.193716517439542	0.104	0.09	0.00803120606560542	c6	TCEB2
4.6201423455144e-07	0.539847435809063	0.016	0.011	0.00894967773749594	c6	UHMK1
4.69181571286032e-07	0.303269914245718	0.049	0.039	0.00908851621738173	c6	CD164
5.35584635580423e-07	0.359167579582523	0.035	0.028	0.0103748099758284	c6	DNAJB6
5.37417691375231e-07	0.367180058412782	0.034	0.026	0.0104103180996296	c6	PTPN6
5.38892473544158e-07	0.294083678952913	0.052	0.042	0.0104388861050239	c6	BRK1
5.63489215281466e-07	0.409821516226174	0.025	0.019	0.0109153495892173	c6	GABARAPL1
5.68517923684795e-07	0.292476187514485	0.051	0.042	0.0110127606996982	c6	NME2
6.04772758657714e-07	0.385911027059242	0.029	0.022	0.0117150531079586	c6	PDIA6
6.07166764206114e-07	0.414888381409024	0.027	0.02	0.0117614273894366	c6	TCF25
7.02636666812991e-07	0.114181040097899	0.212	0.193	0.0136107748728344	c6	PTPRC
7.52597506739645e-07	0.390818916576649	0.029	0.022	0.0145785663030537	c6	NDUFS6
8.33689197337538e-07	0.275853122096847	0.056	0.046	0.0161493934416254	c6	C4orf3
1.03036923401506e-06	0.534452417385005	0.015	0.011	0.0199592824321056	c6	DIAPH1
1.04895470454106e-06	0.296392289518597	0.046	0.038	0.0203193015816649	c6	ANXA6
1.0571844295003e-06	0.229256967259576	0.076	0.065	0.0204787195838503	c6	KRTCAP2
1.0659623609568e-06	0.453074714180058	0.022	0.016	0.0206487568940943	c6	HLA-J
1.14578857822906e-06	0.435380199207285	0.022	0.016	0.0221950705488752	c6	PYCARD
1.45583490443916e-06	0.451998477620719	0.021	0.015	0.028200977933891	c6	PELO
1.50684628822743e-06	0.211211008221874	0.09	0.078	0.0291891194492535	c6	RBM3
1.53151080993926e-06	0.43800025684512	0.022	0.016	0.0296668958993334	c6	LINC00869
1.82168072669369e-06	0.419925573880026	0.023	0.017	0.0352877773567834	c6	BTN3A2
1.84897945639058e-06	0.41998654484787	0.023	0.018	0.035816581049742	c6	TMED9
1.99522994267282e-06	0.490393497639744	0.017	0.013	0.0386495992195151	c6	ADAM8
2.14898164229887e-06	0.378880169971684	0.028	0.022	0.0416279233929713	c6	ZNHIT1
