p_val	avg_log2FC	pct.1	pct.2	p_val_adj	cluster	gene
0	1.35695503920876	0.707	0.421	0	c12	FTH1
0	3.51038899251111	0.266	0.027	0	c12	CST3
0	1.40488308518213	0.487	0.249	0	c12	S100A6
0	1.49525821701503	0.522	0.29	0	c12	VIM
0	1.92579143435083	0.494	0.267	0	c12	CRIP1
0	1.55585840381859	0.585	0.361	0	c12	FTL
0	3.58453265115584	0.244	0.021	0	c12	LYZ
0	3.24385402666047	0.262	0.044	0	c12	AREG
0	2.55675774643496	0.274	0.057	0	c12	GPX1
0	1.72379560616339	0.383	0.166	0	c12	S100A10
0	2.36113600041524	0.262	0.055	0	c12	TYROBP
0	1.46804542729074	0.315	0.124	0	c12	S100A11
0	2.00314445600311	0.24	0.07	0	c12	CCL3
0	3.53259737852265	0.182	0.016	0	c12	IFI30
0	3.41860018578147	0.146	0.014	0	c12	S100A8
0	3.2815163408683	0.144	0.015	0	c12	S100A9
0	2.40004356561658	0.138	0.026	0	c12	FCER1G
0	3.22356871043402	0.118	0.013	0	c12	AIF1
0	3.32226760989533	0.102	0.01	0	c12	MS4A6A
0	3.07173242825574	0.101	0.011	0	c12	VCAN
0	2.50437828715065	0.108	0.019	0	c12	CTSS
0	3.41787515297304	0.092	0.009	0	c12	FCN1
0	2.94100401162452	0.08	0.01	0	c12	LST1
0	2.88118032173583	0.075	0.009	0	c12	CXCL8
0	3.14185269563369	0.07	0.007	0	c12	IL1B
0	3.46757785273289	0.062	0.006	0	c12	S100A12
0	4.31315087161282	0.052	0.003	0	c12	LGALS2
0	4.26453960444195	0.052	0.003	0	c12	CSTA
0	5.01146073050401	0.031	0.001	0	c12	CLEC10A
0	5.03420009011732	0.029	0.001	0	c12	FCER1A
9.83145303949909e-307	3.13473251412849	0.057	0.006	1.90445076828137e-302	c12	PLAUR
5.7365727088109e-305	2.14386346879721	0.134	0.031	1.11123149942376e-300	c12	PSAP
2.83635196557474e-303	3.02171074883525	0.062	0.008	5.49429739251483e-299	c12	SERPINA1
1.18935049055866e-299	3.43310977415736	0.046	0.004	2.30389083526119e-295	c12	MNDA
3.43580236360143e-273	3.75841809632738	0.033	0.002	6.65549275853233e-269	c12	C15orf48
2.65289053385399e-256	2.32394969662463	0.094	0.019	5.13891425312856e-252	c12	NPC2
1.34604344303214e-252	1.50549723485003	0.237	0.087	2.60742075349757e-248	c12	GABARAP
3.96734942392894e-239	3.15317456455755	0.048	0.006	7.68515256909276e-235	c12	CXCL2
8.07081923036283e-225	4.51865164794309	0.021	0.001	1.56339839311358e-220	c12	CD1C
5.74173577389425e-213	1.41958769209758	0.473	0.279	1.11223163676105e-208	c12	CD74
1.01037134185881e-209	1.40097072161184	0.286	0.129	1.95719032631471e-205	c12	SAT1
3.67237849344933e-204	3.12686615045681	0.041	0.005	7.11376437966069e-200	c12	G0S2
1.99483052353654e-202	2.10659697090212	0.092	0.021	3.86418620714263e-198	c12	HLA-DRB1
1.46375151073123e-197	1.29041345776202	0.259	0.113	2.83543305143747e-193	c12	LGALS1
1.36870805260471e-195	1.9892290914377	0.112	0.031	2.65132436870058e-191	c12	LMNA
2.18904467091499e-195	2.03173629174814	0.115	0.032	4.24039843202942e-191	c12	HLA-DQB1
5.97322427516773e-178	1.26331920309158	0.287	0.139	1.15707327434274e-173	c12	TAGLN2
2.02776171110969e-173	2.56166645653747	0.051	0.008	3.92797721059057e-169	c12	GRN
2.0629303439528e-172	2.51589111787923	0.047	0.007	3.99610236927096e-168	c12	CD14
9.71152204682207e-168	2.48525538475363	0.049	0.008	1.8812189356899e-163	c12	MS4A7
9.62915903326042e-166	2.97156231028078	0.035	0.004	1.86526439633288e-161	c12	CFD
7.54871190619268e-158	5.05158216834556	0.01	0	1.46226098334858e-153	c12	CD1E
3.40240150725154e-148	2.10871763931852	0.084	0.023	6.59079195969696e-144	c12	SGK1
1.72479828019964e-144	2.56910478820133	0.042	0.007	3.34110674857471e-140	c12	CD68
6.8291246885624e-144	3.19250665414316	0.026	0.003	1.32286974342142e-139	c12	CFP
2.81838865723652e-141	1.95770817664263	0.073	0.019	5.45950066793286e-137	c12	NAMPT
9.60120666214989e-137	3.24335760883638	0.025	0.003	1.85984974252505e-132	c12	CXCL16
7.29044191171593e-132	3.07681365657773	0.026	0.003	1.41223150271849e-127	c12	TMEM176B
1.23582465841758e-131	3.87923042950871	0.016	0.001	2.39391594582069e-127	c12	ALDH2
4.13736215739211e-129	2.4471098547151	0.041	0.007	8.01448423508425e-125	c12	FGL2
1.03130006734404e-125	3.10533362462941	0.024	0.003	1.99773136045214e-121	c12	SPI1
6.93806915312368e-120	2.5478976962747	0.035	0.006	1.34397337565159e-115	c12	CYBB
5.15426526796118e-119	2.34971156827135	0.042	0.008	9.9843272505676e-115	c12	C1QC
1.0530769035183e-118	1.52639188814177	0.107	0.038	2.0399152698053e-114	c12	ANXA2
3.40056890495725e-115	2.41897161842796	0.039	0.007	6.58724202579269e-111	c12	APLP2
1.1379839467948e-110	2.32080392964053	0.041	0.008	2.20438870333621e-106	c12	C1QA
4.31346753027242e-110	2.35316161784112	0.04	0.008	8.35561795289071e-106	c12	C1QB
9.42611970277143e-106	2.76226098134658	0.025	0.003	1.82593364762385e-101	c12	CXCL3
1.08721957938321e-104	1.67442928926037	0.078	0.025	2.10605304722321e-100	c12	TYMP
3.30166611717473e-102	1.81665028256658	0.08	0.026	6.39565743557918e-98	c12	IER3
1.11850336895872e-100	2.34792021319897	0.035	0.007	2.16665287600993e-96	c12	FCGRT
5.68650046836079e-100	3.18003909816354	0.017	0.002	1.10153200572617e-95	c12	EREG
1.51938589143865e-97	2.91831563748209	0.02	0.003	2.94320241030581e-93	c12	CPVL
1.27810849683477e-96	1.71297714738494	0.068	0.021	2.47582396921864e-92	c12	HLA-DMA
2.98121232947367e-94	1.91286317278202	0.055	0.015	5.77490640342344e-90	c12	BCL2A1
7.9733016414702e-93	3.05742304693462	0.018	0.002	1.54450826096919e-88	c12	FCGR2A
1.04544382837191e-92	1.26639656435856	0.132	0.058	2.02512923993923e-88	c12	AHNAK
8.68002157359268e-92	2.6194199245492	0.026	0.004	1.68140697902064e-87	c12	NLRP3
1.01463153699355e-91	3.13231964806807	0.017	0.002	1.9654427503102e-87	c12	RAB31
1.40073085034851e-91	1.27532101538952	0.119	0.05	2.7133557302101e-87	c12	TSPO
1.47070355224495e-91	0.550294294224588	0.485	0.343	2.8488998510537e-87	c12	GAPDH
1.79650153573757e-91	1.94481021222099	0.05	0.013	3.48000312487725e-87	c12	TKT
1.6548130550874e-89	2.8417626928065	0.021	0.003	3.20553836900981e-85	c12	KCTD12
5.11628074893218e-89	1.00566275994456	0.246	0.141	9.91074743875654e-85	c12	ANXA1
3.01078577783986e-88	3.54955883064462	0.012	0.001	5.8321931302536e-84	c12	FPR1
8.69634138666374e-88	1.28881314915248	0.111	0.046	1.68456829001063e-83	c12	CDKN1A
1.39191038697898e-85	1.93105983155839	0.047	0.013	2.69626961061699e-81	c12	C1orf162
3.95837865306111e-81	2.30840016683437	0.028	0.005	7.66777528884468e-77	c12	CD163
3.119396350857e-80	3.30844996903472	0.013	0.001	6.04258267124509e-76	c12	NCF2
3.57001511063981e-80	1.18562183679192	0.129	0.06	6.91547627082037e-76	c12	RGS2
8.07521087151465e-80	2.94491968007113	0.017	0.002	1.5642490979211e-75	c12	TGFBI
1.60351195409208e-79	0.553492907291714	0.507	0.38	3.10616300627177e-75	c12	S100A4
4.52671666255425e-79	1.13993737680396	0.131	0.061	8.76870284703384e-75	c12	GSTP1
5.36777371571306e-79	0.367797853773879	0.782	0.678	1.03979144647078e-74	c12	TMSB10
1.77086974746521e-75	1.91857354779872	0.039	0.01	3.43035178781485e-71	c12	DUSP6
7.61875501171886e-74	3.24838929592406	0.012	0.001	1.47582903332006e-69	c12	PLBD1
6.71611335808184e-72	3.19899068771336	0.013	0.001	1.30097831859403e-67	c12	LILRB2
1.30424106350966e-70	1.55315951724072	0.061	0.021	2.52644536412456e-66	c12	CTSB
2.20021795357337e-70	2.56028728252425	0.021	0.004	4.26204219786697e-66	c12	CLEC7A
1.3053073144668e-69	2.1916390573945	0.027	0.006	2.52851079885364e-65	c12	MAFB
3.3801599806031e-69	0.995904220185293	0.173	0.095	6.54770789842627e-65	c12	RGCC
3.06366377250519e-67	1.30638718461577	0.085	0.035	5.93462309371981e-63	c12	MYADM
4.28604265022455e-67	0.816734720180567	0.186	0.103	8.30249321774998e-63	c12	COTL1
5.19777897135368e-67	2.83059565425783	0.016	0.002	1.00686176454092e-62	c12	CD36
8.65147029176307e-67	3.30347449374077	0.012	0.001	1.67587631021742e-62	c12	CLEC4E
2.05962530811055e-66	2.12461988320795	0.029	0.007	3.98970018434094e-62	c12	AP1S2
3.92306127969191e-66	2.08503739041071	0.028	0.006	7.59936200489119e-62	c12	KLF4
3.98720069075254e-66	1.03274235527628	0.123	0.06	7.72360645805674e-62	c12	ATF3
1.76997003898216e-63	1.42700834463605	0.064	0.024	3.42860896251233e-59	c12	LRRFIP1
3.94436537967947e-63	2.1544910750316	0.029	0.007	7.64063017697711e-59	c12	SEPP1
4.16633435888267e-63	2.0291261398754	0.04	0.012	8.07060628659163e-59	c12	INSIG1
1.97608757512441e-61	2.49324368569283	0.02	0.004	3.82787924177349e-57	c12	MPEG1
3.26912868189849e-58	0.524667775994178	0.38	0.271	6.33262916970557e-54	c12	SRGN
1.00709461043465e-57	1.30628767963226	0.075	0.031	1.95084296987296e-53	c12	CD83
3.97060469382802e-57	2.58916447069622	0.016	0.003	7.69145835241426e-53	c12	RNASE6
1.61894031524748e-56	1.30517852180625	0.09	0.041	3.13604928466589e-52	c12	HLA-DRB4
5.61552271392145e-56	2.35316161784112	0.02	0.004	1.08778290491372e-51	c12	RNF130
9.59013057018491e-54	0.328250380267394	0.533	0.413	1.85770419275052e-49	c12	ZFP36
1.4224918896129e-53	2.27988862910381	0.019	0.004	2.75550903936915e-49	c12	C5AR1
2.5380885537646e-53	2.85470811037464	0.012	0.002	4.91653133749741e-49	c12	PLXDC2
2.65496727820017e-53	2.81136697627634	0.013	0.002	5.14293711460155e-49	c12	MARCKS
9.95140525367642e-53	1.41771784309887	0.053	0.02	1.92768671168966e-48	c12	SOD2
1.15949855037132e-52	1.68560758464248	0.038	0.012	2.24606464192429e-48	c12	NR4A3
5.34032350989748e-52	2.8641235371185	0.012	0.002	1.03447406710224e-47	c12	GSN
1.80840259410308e-51	1.64349578163083	0.047	0.017	3.50305666503708e-47	c12	CH25H
4.97881499807883e-51	2.92919099379227	0.01	0.001	9.6444625327785e-47	c12	OLR1
7.65316405881647e-51	2.08843886185455	0.022	0.005	1.48249440983334e-46	c12	MRC1
1.55566961840162e-50	1.13946843129703	0.085	0.039	3.01348761780578e-46	c12	LGALS3
1.32119431580575e-49	1.55864612442313	0.043	0.015	2.55928550914732e-45	c12	PLIN2
2.35717133040452e-49	0.377892726232624	0.518	0.409	4.5660765841266e-45	c12	SH3BGRL3
3.85468875797145e-49	2.43697146149484	0.017	0.003	7.46691759306649e-45	c12	IL1R2
5.53313377771269e-49	0.76440067479831	0.212	0.136	1.07182334408073e-44	c12	IFITM3
3.91727877887958e-48	2.86389953354055	0.012	0.002	7.58816072256762e-44	c12	C3
8.89165289035026e-48	2.48039680613723	0.015	0.003	1.72240208138975e-43	c12	HBEGF
1.72620391690587e-47	2.48925419278334	0.015	0.003	3.34382960743836e-43	c12	MS4A4A
1.77619950194215e-47	0.967216778102855	0.11	0.058	3.44067605521214e-43	c12	RHOB
2.86077425842211e-47	0.778346372727802	0.152	0.088	5.54160581598947e-43	c12	MCL1
3.2982694996729e-47	1.40441515879036	0.054	0.022	6.38907784781637e-43	c12	TIMP1
3.96212091523368e-47	1.47682008559221	0.045	0.016	7.67502442489915e-43	c12	PYCARD
7.67294292938029e-46	2.33326206040341	0.016	0.003	1.48632577485026e-41	c12	CSF1R
1.06772336634016e-45	0.225691491712103	0.497	0.375	2.06828693293752e-41	c12	DUSP1
2.28276848752615e-45	2.09499912897451	0.024	0.006	4.42195083718691e-41	c12	RNASE1
3.19576103365054e-45	2.68658535156631	0.012	0.002	6.19050869828446e-41	c12	THBD
1.00424267311118e-44	2.15252374914519	0.02	0.004	1.94531848208367e-40	c12	CRIP2
2.40935487604519e-44	1.68018758036816	0.035	0.011	4.66716133038713e-40	c12	KLF10
5.25947383802369e-44	0.474142403188265	0.391	0.296	1.01881267716357e-39	c12	KLF6
7.08781730265904e-44	0.217367754515211	0.589	0.469	1.37298108969808e-39	c12	FOS
1.239603778847e-43	0.837172207741788	0.126	0.071	2.40123648000453e-39	c12	ATP6V0C
1.58287026053228e-43	2.35570829995146	0.015	0.003	3.06617798167709e-39	c12	THBS1
1.94512042017718e-43	2.81904825861571	0.01	0.001	3.76789276592522e-39	c12	TMEM176A
1.97929220984022e-43	2.66926847399976	0.012	0.002	3.83408693968149e-39	c12	CSF3R
7.89010516911493e-43	2.68186294132391	0.012	0.002	1.52839227230925e-38	c12	LINC01272
1.89840594423576e-42	2.56683682207646	0.012	0.002	3.67740215457909e-38	c12	LY86
7.55903542006807e-42	2.58465624628482	0.012	0.002	1.46426075122139e-37	c12	CD93
8.73668115295607e-42	1.91620934213383	0.023	0.006	1.69238250613912e-37	c12	CTSH
4.37611155466347e-41	0.857207848093899	0.113	0.063	8.47696569253861e-37	c12	GPX4
6.16870750604822e-41	1.51354437690214	0.033	0.011	1.1949403309966e-36	c12	ZFAND5
1.36273331355306e-39	0.678600107048688	0.182	0.117	2.63975070168363e-35	c12	EMP3
4.20624437238941e-39	0.888539405810172	0.1	0.054	8.14791597375552e-35	c12	JUND
1.35596703939993e-38	1.86453171226364	0.023	0.006	2.6266437520216e-34	c12	FGR
1.39001544098537e-38	1.04020431757694	0.083	0.042	2.69259891073276e-34	c12	GPR183
7.89357670990983e-38	1.15732512766747	0.058	0.026	1.52906474447663e-33	c12	ATP6V0B
1.81247639422802e-37	1.94834538061035	0.02	0.005	3.5109480232591e-33	c12	HLA-DRB6
1.95624014909461e-37	1.39387207548881	0.039	0.015	3.78943279281118e-33	c12	GNAI2
2.17909216982092e-37	2.50473270198787	0.012	0.002	4.2211194421601e-33	c12	RNF144B
5.37859136652068e-37	2.13289549761306	0.015	0.003	1.04188693360872e-32	c12	PDK4
7.96411157594324e-36	1.39128214226017	0.036	0.013	1.54272805337596e-31	c12	CCL3L1
3.71553942166558e-35	2.34652852550867	0.013	0.003	7.1973714137084e-31	c12	LOC100509457
5.01946723386012e-35	1.5444484389367	0.029	0.01	9.72320997871043e-31	c12	CEBPD
6.87366836544141e-35	1.96644545112471	0.018	0.005	1.33149829906966e-30	c12	BLVRB
1.04756790544205e-34	2.2804052754058	0.013	0.003	2.02924378963179e-30	c12	TBXAS1
9.40229445707454e-34	0.859347005178157	0.09	0.049	1.82131845927991e-29	c12	ZNF331
1.09720885409275e-33	1.44589971994233	0.033	0.012	2.12540327126306e-29	c12	ATP2B1
1.46987001630578e-33	0.866659826111801	0.09	0.049	2.84728520858592e-29	c12	GNG5
3.74459776864783e-33	0.273156203651397	0.575	0.485	7.2536603376477e-29	c12	EIF1
6.08381814428622e-33	1.80101098719488	0.015	0.004	1.17849641272968e-28	c12	F13A1
1.21812805970294e-32	0.274290826526693	0.68	0.618	2.35963586445056e-28	c12	RPS24
1.78079681405257e-32	2.6324811072624	0.01	0.002	3.44958150850123e-28	c12	PTGS2
8.83566875620596e-32	1.14859047359191	0.073	0.038	1.71155739476466e-27	c12	TXN
1.96599031228465e-31	1.7079320866577	0.022	0.007	3.80831983392659e-27	c12	PPT1
5.17861552815533e-31	2.25544179731896	0.012	0.003	1.00314961395897e-26	c12	CTSZ
6.76849828560319e-31	2.05113308039146	0.014	0.004	1.31112580290419e-26	c12	DAB2
6.93861068523517e-31	1.87022005406047	0.018	0.005	1.3440782758369e-26	c12	STX11
1.53820066975092e-30	1.76183895234052	0.021	0.006	2.9796485173745e-26	c12	GK
3.19725527017427e-30	0.64045981749369	0.145	0.093	6.19340318385458e-26	c12	CD44
5.54858613626617e-30	2.12196329912933	0.013	0.003	1.07481662045612e-25	c12	GPR34
3.73338259187066e-29	1.01054366418657	0.072	0.039	7.23193541871265e-25	c12	LOC100996809
2.17741170031658e-28	2.11612242054027	0.012	0.003	4.21786420468324e-24	c12	SLC11A1
6.0454098809321e-28	1.15436027402289	0.043	0.02	1.17105634803536e-23	c12	TRAPPC5
7.7361212484326e-28	2.02906568627105	0.014	0.004	1.49856404703388e-23	c12	FOLR2
1.29284582615258e-27	0.971908675200782	0.059	0.03	2.50437164984016e-23	c12	CAPG
3.61062717644378e-27	1.97122621358948	0.014	0.004	6.99414590348926e-23	c12	LGMN
4.24749426987519e-27	1.6489521169413	0.019	0.006	8.22782115017523e-23	c12	ELL2
5.72555807642664e-27	0.631685308310622	0.135	0.088	1.1090978549846e-22	c12	CALM2
1.04797256516809e-26	1.1238047615422	0.044	0.02	2.0300276559871e-22	c12	SERPINB1
2.69109637377065e-26	2.00671120381969	0.013	0.003	5.21292278563113e-22	c12	HMOX1
4.65964895174426e-26	0.798313389713397	0.081	0.046	9.0262059844238e-22	c12	CSTB
7.075263130181e-26	1.02846354762431	0.051	0.025	1.37054922094736e-21	c12	ANXA5
2.62748612031623e-25	0.969861844025383	0.054	0.028	5.08970336366457e-21	c12	SDCBP
4.61275046813058e-25	1.53846472044235	0.016	0.005	8.93535893181574e-21	c12	STAB1
1.02986510402322e-24	1.18511015300211	0.036	0.016	1.99495169300339e-20	c12	AP2S1
4.62960990881563e-24	0.812919876031902	0.098	0.061	8.96801735436677e-20	c12	HERPUD1
5.09564442594202e-24	0.952570080385769	0.053	0.027	9.87077281749229e-20	c12	C10orf54
7.91874090482383e-24	0.963237888215875	0.052	0.027	1.53393930067342e-19	c12	GLUL
9.47437764771738e-24	2.03618840489652	0.011	0.003	1.83528169413933e-19	c12	PEA15
1.08369324508961e-23	0.755186145181991	0.1	0.062	2.09922218506308e-19	c12	CTSD
2.93110993142553e-23	0.524098308257213	0.221	0.166	5.67785304816439e-19	c12	ITM2B
3.29935113648781e-23	1.50089303426568	0.021	0.007	6.39117308649053e-19	c12	PLSCR1
5.01783287796099e-23	0.32689845843422	0.352	0.284	9.72004406789823e-19	c12	SERF2
9.67284879564843e-23	1.69360980069928	0.016	0.005	1.87372754020506e-18	c12	HLA-DMB
1.20633718179096e-22	0.575017422083453	0.153	0.106	2.33679575484727e-18	c12	NR4A2
1.32995759799832e-22	0.329332943790855	0.306	0.241	2.57626086308254e-18	c12	NFKBIA
6.45451670013101e-22	1.51475914838931	0.02	0.007	1.25030442998238e-17	c12	IER5
6.79371433237371e-22	0.836490811246835	0.078	0.047	1.31601040332411e-17	c12	CHMP1B
1.95628033886803e-21	1.77041694236978	0.013	0.004	3.78951064442126e-17	c12	SLC40A1
2.68811501370568e-21	0.610155955061144	0.119	0.08	5.20714759304928e-17	c12	RNASEK
5.7417447786254e-21	0.627670239822001	0.092	0.058	1.11223338106753e-16	c12	NEAT1
5.77761140751351e-21	1.42508654464374	0.021	0.008	1.11918110574944e-16	c12	ASAH1
6.30001963453689e-21	1.05259650520023	0.039	0.019	1.22037680340614e-16	c12	PGLS
6.50540960973314e-21	1.55669501192625	0.017	0.006	1.26016289550141e-16	c12	LTA4H
7.76832123777606e-21	0.320175954424851	0.298	0.236	1.5048015069696e-16	c12	MYL6
1.09717439638911e-20	0.464486840122865	0.246	0.192	2.12533652324534e-16	c12	RGS1
2.3968787407007e-20	0.308979538891768	0.337	0.274	4.64299380861133e-16	c12	ATP5E
7.48114659429476e-20	0.90432330520311	0.051	0.028	1.44917290678084e-15	c12	C4orf48
8.05548060753997e-20	1.09998773187668	0.037	0.018	1.56042714848657e-15	c12	MIR155HG
8.15194497967103e-20	1.77057002158271	0.013	0.004	1.57911326201208e-15	c12	PGD
1.719657252703e-19	1.49066514159105	0.017	0.006	3.33114806421099e-15	c12	CECR1
2.30627327348402e-19	1.29441782696846	0.024	0.01	4.4674819580659e-15	c12	LINC00936
2.37821570516404e-19	1.54621007759542	0.016	0.006	4.60684164247325e-15	c12	TNFSF13B
3.7949336085376e-19	2.04745387541209	0.01	0.003	7.35116589309818e-15	c12	CPM
4.00026628045552e-19	0.723170574556236	0.08	0.05	7.74891581187038e-15	c12	CD97
4.36911289147513e-19	1.4087031813252	0.019	0.007	8.46340858207648e-15	c12	ICAM1
4.44098635789207e-19	1.53877418990281	0.016	0.006	8.60263467387272e-15	c12	NCOA4
4.89489067421626e-19	0.908357212007881	0.047	0.026	9.48189272502431e-15	c12	ANKRD28
5.15236893607123e-19	1.47812484497337	0.02	0.008	9.98065386606357e-15	c12	CD9
7.95969356162352e-19	1.04948522750998	0.034	0.017	1.54187223982209e-14	c12	TALDO1
1.50801016807736e-18	0.495848944952858	0.092	0.06	2.92116649658266e-14	c12	TUBA1B
1.72281262012232e-18	1.72557948318217	0.012	0.004	3.33726032643895e-14	c12	ETS2
5.9646535906033e-18	0.863869563868851	0.049	0.027	1.15541304703577e-13	c12	SEC11A
6.92178750523529e-18	1.13318816596853	0.03	0.014	1.34081945763913e-13	c12	YWHAH
7.7774858948566e-18	1.32877745921416	0.02	0.008	1.50657679269267e-13	c12	GRINA
9.59327940306014e-18	1.82685915242925	0.011	0.003	1.85831415316678e-13	c12	NUP214
9.9650880841235e-18	1.30156042135391	0.022	0.009	1.93033721277556e-13	c12	BNIP3L
1.02927306642003e-17	0.460569405285168	0.152	0.11	1.99380485696224e-13	c12	ALDOA
1.08682376075236e-17	0.65991573228502	0.085	0.055	2.10528630695339e-13	c12	RPS17
1.43897076644432e-17	1.31921428591778	0.02	0.008	2.7874302716793e-13	c12	AHR
1.87077040526696e-17	0.500064671108476	0.128	0.09	3.62386935204263e-13	c12	TCEB2
3.31803699751001e-17	1.59684881754079	0.016	0.006	6.42736946787664e-13	c12	SOX4
4.98701590102846e-17	1.81947962206366	0.01	0.003	9.66034850188223e-13	c12	DPYSL2
6.85403764253461e-17	0.512358525565527	0.113	0.078	1.32769563173538e-12	c12	CKLF
7.55634316326502e-17	1.63809550524628	0.012	0.004	1.46373923415607e-12	c12	GCA
8.94260215726499e-17	1.69595076978999	0.012	0.004	1.7322714638838e-12	c12	NUDT16
1.17690637185833e-16	1.38697633083336	0.017	0.006	2.27978533292676e-12	c12	ARL5B
1.22926062825705e-16	0.750856218074328	0.058	0.034	2.38120076299674e-12	c12	PRELID1
1.73738891378087e-16	0.763572037274908	0.057	0.034	3.36549606488493e-12	c12	GNB2
2.66514772549688e-16	1.57118884661616	0.012	0.004	5.16265765906001e-12	c12	TRIB1
3.0685479560227e-16	0.680350229189175	0.071	0.045	5.94408424561157e-12	c12	DYNLL1
3.62023911254854e-16	0.439759262566733	0.145	0.106	7.01276518491778e-12	c12	ARPC1B
3.65201020106354e-16	1.58804498336076	0.013	0.004	7.07430896048019e-12	c12	ATP6V1B2
4.49473850507796e-16	0.502249907199831	0.118	0.083	8.70675795818651e-12	c12	YBX1
4.94013087574549e-16	0.760050833540504	0.051	0.03	9.56952751940659e-12	c12	TNFRSF1B
5.11034817853401e-16	1.37420275464987	0.017	0.007	9.89925545663822e-12	c12	UBE2D1
5.72073410872241e-16	0.410440863406254	0.131	0.094	1.10816340420062e-11	c12	CITED2
6.57774308727008e-16	0.574554893425415	0.093	0.063	1.27417461343509e-11	c12	SAMSN1
6.71037416954996e-16	0.471868428396454	0.128	0.092	1.29986658038352e-11	c12	ATP5I
7.11735676810256e-16	0.556428814108684	0.098	0.067	1.37870317954915e-11	c12	SERP1
2.39955370850809e-15	1.26396788851166	0.019	0.008	4.64817548875103e-11	c12	CRTAP
3.36937330636306e-15	0.688075860699562	0.063	0.039	6.52681303175588e-11	c12	ZYX
4.64240669219819e-15	1.73339175832115	0.014	0.005	8.99280600345712e-11	c12	TWISTNB
5.09513212873866e-15	1.10860445125625	0.026	0.012	9.86978044657967e-11	c12	ARL4A
5.50125928464095e-15	0.547554358069781	0.094	0.064	1.0656489360278e-10	c12	PHLDA1
2.48590043280404e-14	1.24523467403106	0.018	0.008	4.8154377283847e-10	c12	PTPRE
3.12855009758748e-14	0.770135620821304	0.048	0.028	6.06031439403671e-10	c12	CMTM6
4.27833220479191e-14	0.959005195398577	0.029	0.015	8.2875573139024e-10	c12	RILPL2
4.75802307829996e-14	0.79032349147367	0.044	0.026	9.21676650497485e-10	c12	CAST
4.88393660927763e-14	0.294670129805178	0.218	0.173	9.4606736058317e-10	c12	PPP1R15A
6.03370290027325e-14	0.592270709978516	0.084	0.057	1.16878858881193e-09	c12	SELK
6.09901067340252e-14	0.924201332697319	0.034	0.018	1.1814393575448e-09	c12	SAMHD1
9.28813881477608e-14	0.428749645400278	0.142	0.106	1.79920536981028e-09	c12	ARPC3
9.60342461543748e-14	0.337113027446689	0.196	0.155	1.86027938225639e-09	c12	LAPTM5
1.11629119553963e-13	0.344020309545513	0.137	0.102	2.16236767487982e-09	c12	NR4A1
2.1270460676204e-13	1.01682308002959	0.025	0.012	4.12030093758748e-09	c12	KDM6B
3.2256140284124e-13	1.44295828819176	0.013	0.005	6.24833693443766e-09	c12	LGALS9
4.06431931759281e-13	0.748073715123109	0.046	0.027	7.87299295010904e-09	c12	ATP6V1F
4.23876053096553e-13	0.95499793712667	0.029	0.015	8.21090302453333e-09	c12	VIM-AS1
4.81750678091421e-13	1.14796708938607	0.02	0.009	9.33199238530892e-09	c12	ATP1B3
8.775875044663e-13	0.168755015367599	0.575	0.526	1.69997475490167e-08	c12	PTMA
1.1093582782752e-12	0.475905483107061	0.111	0.081	2.1489379208469e-08	c12	PCBP1
1.39613622257551e-12	1.34459960433769	0.014	0.005	2.70445547675103e-08	c12	MFSD1
1.45877209048405e-12	0.489252517530549	0.097	0.069	2.82578741647664e-08	c12	SOCS1
1.69872089829901e-12	1.15607063486753	0.017	0.008	3.29059225209501e-08	c12	NAPSB
1.84532916471195e-12	0.86628411680215	0.032	0.018	3.57458712496352e-08	c12	EIF4E
1.94534004988788e-12	0.819331326330277	0.036	0.021	3.76831821063781e-08	c12	CNPY3
2.77053151565494e-12	1.31602248142807	0.014	0.006	5.36679659897519e-08	c12	POU2F2
3.08224078407255e-12	0.212918479477817	0.184	0.147	5.97060862282694e-08	c12	MT2A
4.25060254770422e-12	0.826615803345283	0.035	0.02	8.23384219515784e-08	c12	LAPTM4A
4.29760354957015e-12	0.978030221870042	0.025	0.013	8.32488783587235e-08	c12	H2AFY
4.67360316280739e-12	0.574009563020114	0.084	0.059	9.0532366866742e-08	c12	EZR
4.94876338162615e-12	0.313104786481337	0.43	0.39	9.58624954654802e-08	c12	TSC22D3
1.46708613735126e-11	1.01450643654831	0.022	0.011	2.84189255666313e-07	c12	IRF2BP2
1.64878217701075e-11	0.641915144743443	0.052	0.033	3.19385595508752e-07	c12	SNHG5
1.699028131493e-11	0.950354407347686	0.025	0.013	3.29118739351509e-07	c12	MYO1F
1.87643255112015e-11	1.06028205546425	0.02	0.009	3.63483749477484e-07	c12	NCF1C
2.01838199362728e-11	0.87722110461442	0.028	0.015	3.9098077598554e-07	c12	ZEB2
2.09059902412352e-11	0.650993430993804	0.05	0.032	4.04969936962967e-07	c12	RHOG
2.35096681570528e-11	0.927188640881119	0.026	0.014	4.5540578187027e-07	c12	NFE2L2
2.39312235877917e-11	1.33085145611603	0.012	0.005	4.63571732119114e-07	c12	PHLDA2
2.3963189052474e-11	0.405828428937407	0.122	0.092	4.64190935135474e-07	c12	SLC25A6
4.83303859672127e-11	0.843591052747082	0.03	0.017	9.36207906570877e-07	c12	CAPZA2
5.11052867743092e-11	2.05770573431495	0.013	0.005	9.89960510105144e-07	c12	CLU
5.86196472630691e-11	1.20853805476167	0.014	0.006	1.13552118713291e-06	c12	UBXN11
6.07692375405697e-11	1.22552060660985	0.014	0.006	1.17716090039838e-06	c12	CAPNS1
8.19613906434044e-11	0.449372578405938	0.091	0.066	1.58767409815339e-06	c12	YPEL5
9.39405030740378e-11	0.291702722349209	0.199	0.162	1.81972148504719e-06	c12	ATP5G2
9.76906838078574e-11	0.810019292814589	0.032	0.018	1.89236623604201e-06	c12	PPP1CB
1.11989251890561e-10	0.479359974554089	0.083	0.059	2.16934379837206e-06	c12	SLC25A5
1.25765753104466e-10	0.647495938122134	0.049	0.031	2.43620840338661e-06	c12	IQGAP1
1.41602740711526e-10	0.465793869226728	0.089	0.064	2.74298669032298e-06	c12	SLC25A3
1.60464086018707e-10	0.864955476841218	0.028	0.016	3.10834981026837e-06	c12	MAT2A
1.86204733103728e-10	1.43196318554872	0.01	0.004	3.60697188495231e-06	c12	RASGEF1B
1.89082006742731e-10	0.909643246889792	0.023	0.012	3.66270755261345e-06	c12	FOSL2
2.4502423523151e-10	0.474196989802296	0.087	0.063	4.74636446066957e-06	c12	PLP2
2.70031040231396e-10	1.06748128909061	0.017	0.008	5.23077128032238e-06	c12	HSBP1
3.57384693498921e-10	1.29961214956438	0.012	0.005	6.9228988977676e-06	c12	PTTG1IP
4.29893698199464e-10	0.422065203127052	0.104	0.079	8.32747082782181e-06	c12	TPM3
4.71618993245814e-10	0.560329311541214	0.061	0.042	9.13573151816466e-06	c12	ARF5
5.49795387292923e-10	0.16721119247273	0.29	0.247	1.06500864472512e-05	c12	ND2
6.10861860547366e-10	0.527294980651514	0.068	0.048	1.1833005100663e-05	c12	CSRNP1
6.1917973099321e-10	0.165659733379206	0.474	0.428	1.19941305690695e-05	c12	H3F3B
6.73832972803508e-10	0.869839378995799	0.027	0.016	1.30528185161768e-05	c12	PLEK
8.90471250398671e-10	0.888229820826732	0.023	0.012	1.72493185914727e-05	c12	GLUD1
1.15144854913011e-09	0.841035765430102	0.026	0.015	2.23047098451994e-05	c12	IFNGR1
1.5091558860576e-09	0.687788098647967	0.037	0.023	2.92338586688217e-05	c12	UPP1
1.56967753317932e-09	0.432596085335523	0.092	0.069	3.04062234952166e-05	c12	POLR2L
1.81122231562144e-09	1.22135714081786	0.012	0.005	3.50851874759028e-05	c12	PECAM1
2.07605666529949e-09	0.641579845749055	0.035	0.022	4.02152936635164e-05	c12	FABP5
2.34626031156357e-09	0.366074094544739	0.108	0.083	4.5449408495298e-05	c12	TPI1
2.58766121496013e-09	0.498817604520285	0.071	0.051	5.01255853949927e-05	c12	DBI
2.66929972829878e-09	0.837345278160728	0.026	0.015	5.17070050368757e-05	c12	AGTRAP
3.19282771617583e-09	0.218126158713468	0.156	0.125	6.18482656900421e-05	c12	FOSB
3.36044501961522e-09	0.709471423622319	0.034	0.021	6.50951804749664e-05	c12	GDI2
3.43942995651931e-09	0.936143754434033	0.02	0.011	6.66251976877355e-05	c12	VASP
5.61675323387688e-09	0.228765955162577	0.483	0.453	0.000108802126893429	c12	FXYD5
6.09382005581572e-09	1.18626430909637	0.012	0.005	0.000118043388301206	c12	HEXB
6.19180672637528e-09	0.191169877487012	0.249	0.211	0.000119941488096616	c12	TNFAIP3
6.3278249368999e-09	0.753936803527159	0.031	0.019	0.000122576296852688	c12	TGIF1
7.00886650825283e-09	0.704947560893824	0.035	0.022	0.000135768753131366	c12	GLIPR2
8.09973996655191e-09	0.800305733387936	0.027	0.016	0.000156900062892077	c12	NCF1
8.63524899228871e-09	0.717112486969981	0.032	0.02	0.000167273408229625	c12	AMICA1
9.1729559533639e-09	0.436795452242007	0.086	0.064	0.000177689329772612	c12	H3F3AP4
1.01560530375071e-08	0.312062081053676	0.131	0.104	0.00019673290338955	c12	ZFP36L1
1.04003891219088e-08	0.519326248709904	0.059	0.041	0.000201465937680494	c12	FLNA
1.0760761257906e-08	0.764357050825568	0.028	0.017	0.000208446706326898	c12	SMAP2
1.16249285375724e-08	0.503235739873259	0.06	0.042	0.000225186490701315	c12	NME2
1.24560518247691e-08	0.684356591548319	0.035	0.022	0.000241286179897603	c12	ARPC4
1.46306042499892e-08	1.00251470583223	0.018	0.009	0.000283409434926541	c12	ANXA2P2
1.58947955535616e-08	0.504028283467746	0.064	0.045	0.000307898084668041	c12	VAMP8
1.63013075280391e-08	0.549207943034856	0.058	0.04	0.000315772628125646	c12	TRA2B
1.98700538860597e-08	0.58612783761822	0.044	0.029	0.000384902813826863	c12	PTP4A2
2.9998894609215e-08	0.523285241854252	0.052	0.036	0.000581108587475103	c12	COX17
3.0894254320889e-08	0.700148410328904	0.032	0.02	0.00059845260044994	c12	ATP1A1
3.14716266230608e-08	1.09325331299404	0.012	0.006	0.000609636879315311	c12	MIS18BP1
3.59994316303916e-08	1.11276340845035	0.012	0.005	0.000697344990112316	c12	MEF2C
3.75630568578435e-08	0.590742143819246	0.043	0.028	0.000727633974393287	c12	ARRB2
4.1590428119102e-08	0.719878037415994	0.032	0.02	0.000805648183095125	c12	H1FX
4.6575757288931e-08	0.570960927877087	0.045	0.03	0.000902218994443883	c12	NAP1L1
4.84548438037581e-08	0.663963013399331	0.033	0.021	0.000938618779322598	c12	ATF4
4.99872314000803e-08	1.09325331299404	0.012	0.006	0.000968302659450956	c12	SEC14L1
5.19193527872164e-08	0.656115318789308	0.033	0.021	0.00100572978284117	c12	GNAS
5.32054333836908e-08	0.912589026455136	0.018	0.01	0.00103064245007547	c12	EFHD2
5.55782502812485e-08	0.59023521129491	0.046	0.032	0.00107660628619806	c12	LOC100506248
5.69433291444746e-08	0.847633584614366	0.02	0.011	0.00110304922885762	c12	PER1
5.75466018693147e-08	0.719416744033682	0.029	0.017	0.0011147352248105	c12	NXT1
6.33563165142176e-08	1.18423260887253	0.01	0.005	0.00122727520719691	c12	BID
7.12717283020132e-08	0.585548008174122	0.038	0.025	0.0013806046489383	c12	ODC1
7.42241429832887e-08	1.18822346906856	0.01	0.005	0.00143779587372928	c12	IL17RA
7.55576141864542e-08	0.603307827895822	0.044	0.03	0.0014636265444058	c12	POMP
7.88836682656825e-08	0.308594558394045	0.144	0.118	0.00152805553797454	c12	UQCR11
8.30559762115697e-08	0.420439393839394	0.075	0.056	0.00160887731519432	c12	CDC42
1.15459063141678e-07	0.973457191674555	0.018	0.01	0.00223655751211745	c12	RGS16
1.32384942020545e-07	0.579094396882814	0.042	0.029	0.00256442871187997	c12	NAA38
1.35100017634001e-07	0.557669160865266	0.06	0.043	0.00261702244158824	c12	MT1X
1.38417319623684e-07	0.65010099254262	0.032	0.02	0.00268128189843038	c12	TGFB1
1.40533075248381e-07	0.856530615721716	0.02	0.011	0.00272226620063639	c12	PLEC
1.50446322569479e-07	0.422360533065668	0.072	0.054	0.00291429571449337	c12	NDUFB1
1.63354330829921e-07	0.721943526159089	0.026	0.016	0.0031643367425064	c12	GLRX
1.76444325336394e-07	0.306298627760255	0.159	0.132	0.0034179030260913	c12	ALOX5AP
1.92534333685478e-07	0.247906383934917	0.108	0.085	0.0037295825778214	c12	EGR1
2.05344763013255e-07	0.155217664827616	0.292	0.255	0.00397773340432975	c12	DUSP2
2.09795638746743e-07	0.649467943638476	0.033	0.021	0.00406395131816316	c12	RAC1
2.32875092168431e-07	0.379643952987292	0.086	0.066	0.00451102341039468	c12	USMG5
2.40015413261522e-07	1.0798588765535	0.011	0.005	0.00464933857028895	c12	METRNL
2.42879070954554e-07	0.575909777076271	0.039	0.026	0.00470481048346066	c12	RNF149
2.78156600126446e-07	1.17739035846312	0.01	0.004	0.00538817150104939	c12	FAM105A
2.87026369632246e-07	0.427385106870262	0.066	0.049	0.00555998780614624	c12	PRDX1
3.1437598025206e-07	1.07815457034125	0.011	0.005	0.00608977711346266	c12	RARA
3.26283908510608e-07	0.82101581556341	0.022	0.013	0.006320445591759	c12	DUSP5
3.34260483145512e-07	0.521726102658126	0.043	0.03	0.00647495981901171	c12	SYNGR2
3.35262836254753e-07	0.876594767591104	0.017	0.009	0.00649437640109083	c12	NDUFS3
3.41193057179955e-07	0.916343602525805	0.017	0.009	0.0066092507106329	c12	GLA
3.80969556030152e-07	0.325357571251977	0.097	0.076	0.00737976126986007	c12	H2AFZ
3.94004734512737e-07	0.414906851323264	0.071	0.053	0.00763226571224623	c12	LAMTOR4
3.94559275528287e-07	0.728615602986229	0.023	0.014	0.00764300772625845	c12	PDCL3
4.0192990017128e-07	0.625241163277919	0.033	0.021	0.00778578409621787	c12	TCIRG1
4.58393243401857e-07	0.700529290582156	0.027	0.017	0.00887953551793737	c12	SSR1
4.75151761484059e-07	0.619870961594518	0.033	0.022	0.0092041647717077	c12	SNX3
5.25085980156005e-07	0.744559247766989	0.022	0.013	0.010171440521602	c12	STXBP2
5.67104289404419e-07	0.44176799627373	0.06	0.044	0.010985377190053	c12	UQCRQ
5.80945451662185e-07	0.183467613924059	0.297	0.264	0.0112534943441482	c12	PFDN5
6.41398459052983e-07	0.800069632406984	0.019	0.011	0.0124245295503153	c12	TMEM14C
6.56282649094877e-07	0.867320163554675	0.016	0.009	0.0127128511956169	c12	HLA-DRB3
6.71953023224344e-07	0.356131252796462	0.073	0.055	0.0130164020128788	c12	PKM
6.97813304190323e-07	0.455227422096234	0.066	0.049	0.0135173415154708	c12	ARF6
7.51427097335284e-07	0.418572736984566	0.068	0.051	0.0145558943024818	c12	NFKBIZ
7.58401924595187e-07	0.492021695561138	0.048	0.034	0.0146910036813334	c12	MINOS1
7.6230182363134e-07	0.598797039689641	0.033	0.022	0.0147665486255627	c12	EVI2B
7.76728579406414e-07	1.02107521190729	0.017	0.01	0.0150460093116817	c12	BAG3
8.17579323630783e-07	0.538217887904594	0.041	0.028	0.0158373290780519	c12	SH3BGRL
8.41687140093893e-07	0.755136010190023	0.02	0.012	0.0163043215907588	c12	NINJ1
8.86062692500532e-07	0.686847683604652	0.025	0.016	0.0171639204164278	c12	ENY2
9.41055311822418e-07	0.544275804244711	0.039	0.027	0.0182291824453121	c12	BHLHE40
1.00025692132645e-06	1.04900822468173	0.011	0.005	0.0193759768230146	c12	MRPL49
1.11455210458427e-06	0.677581508184445	0.026	0.017	0.0215899888179019	c12	EIF4A3
1.14320577660442e-06	0.383831223646484	0.074	0.057	0.0221450390986043	c12	NDUFA11
1.18265422558571e-06	0.710760980610465	0.023	0.014	0.0229091950038209	c12	RNF187
1.18438348455265e-06	1.05322252672681	0.011	0.006	0.0229426924792693	c12	HIPK3
1.20707871955952e-06	0.945127506300037	0.013	0.007	0.0233823218765874	c12	NAAA
1.24347688326408e-06	0.632516277361278	0.029	0.019	0.0240873907057084	c12	LAMTOR1
1.25518549985487e-06	1.1009957284528	0.01	0.005	0.0243141983176888	c12	LIPA
1.31666861315541e-06	0.816799756246072	0.02	0.012	0.0255051877054335	c12	PELI1
1.4464935439382e-06	0.876771638899248	0.015	0.008	0.0280200264396269	c12	PTPLAD2
1.49706076141647e-06	1.01345564680815	0.012	0.006	0.0289995640093984	c12	PPIF
1.51397280077937e-06	0.396379938700437	0.075	0.058	0.0293271671238972	c12	NDUFB2
1.53763889652372e-06	0.508280684508025	0.045	0.032	0.0297856030645609	c12	LOC284454
1.59346574776151e-06	0.945695000482087	0.013	0.007	0.0308670249998881	c12	SNX2
1.67039699743073e-06	0.712158967419851	0.024	0.015	0.0323572602372306	c12	TUBA1C
2.1244817260628e-06	0.96557733130308	0.012	0.006	0.0411533355155626	c12	FRMD4B
2.19515494204484e-06	0.622298207990156	0.03	0.02	0.0425223463823507	c12	CEBPB
2.20499671440175e-06	0.247060193230317	0.15	0.125	0.0427129913546762	c12	LSP1
2.23447427068588e-06	0.389942195732258	0.075	0.058	0.0432840010974562	c12	SEC61G
2.40610165124135e-06	0.369812858391282	0.069	0.053	0.0466085950861961	c12	ENO1
2.45533352949164e-06	0.256681423810475	0.159	0.134	0.0475622657997825	c12	RHOA
2.53588192428567e-06	0.609288936300434	0.029	0.019	0.0491225687553377	c12	RNH1
2.54491142288298e-06	1.00024170849013	0.011	0.006	0.0492974791726662	c12	MAPKAPK3
