p_val	avg_log2FC	pct.1	pct.2	p_val_adj	cluster	gene
0	2.15424186249593	0.976	0.303	0	g4	CCL4
0	2.09017636517398	0.476	0.109	0	g4	CCL4L1
0	2.16469460582817	0.289	0.056	0	g4	CCL4L2
0	2.07820053101629	0.269	0.078	0	g4	CCL3
0	0.933139618869958	0.418	0.246	0	g4	DUSP2
0	3.47484741046875	0.047	0.004	0	g4	CXCL8
0	3.35344793099859	0.045	0.004	0	g4	C1QC
0	3.48564155317594	0.044	0.004	0	g4	C1QA
0	3.45359153922391	0.041	0.004	0	g4	C1QB
0	3.48277375089978	0.037	0.004	0	g4	IL1B
0	3.63446299366057	0.035	0.003	0	g4	CXCL2
2.37766705312322e-298	3.21035783946132	0.039	0.004	4.60577884860499e-294	g4	MS4A7
3.3103768880633e-295	3.73594487110413	0.035	0.003	6.41253106986742e-291	g4	SEPP1
8.75038342215101e-244	2.32324923317757	0.067	0.016	1.69503677270487e-239	g4	CST3
3.73541188326881e-239	2.22604815662578	0.062	0.014	7.23586635908001e-235	g4	CCL3L1
3.25158589925013e-230	0.628272192460956	0.558	0.395	6.29864704543742e-226	g4	ZFP36
1.56311974045241e-226	2.22409370126377	0.075	0.02	3.02791924923036e-222	g4	IER3
3.07904336922181e-226	3.51459636807726	0.025	0.002	5.96441491051957e-222	g4	MRC1
2.81202866483516e-225	3.43333118326326	0.029	0.003	5.44718072665219e-221	g4	RNASE1
4.37153503544743e-222	3.57319505573772	0.023	0.002	8.46810051716522e-218	g4	CXCL3
3.70840776315609e-191	3.38026907532065	0.023	0.002	7.18355667800967e-187	g4	CD163
5.48600781435563e-175	3.53399684923516	0.019	0.002	1.06269457371883e-170	g4	FOLR2
1.47670270861668e-169	0.720309350060656	0.414	0.286	2.86052081686137e-165	g4	KLF6
4.56174594131433e-159	3.39968218499593	0.018	0.002	8.83655806291999e-155	g4	PDK4
3.06626899929651e-154	2.89112718865174	0.026	0.004	5.93966967853727e-150	g4	CD14
4.25220533813309e-149	3.55880601137371	0.016	0.001	8.2369469604976e-145	g4	MS4A4A
1.37055193417537e-144	2.48952570408844	0.032	0.006	2.6548961516911e-140	g4	MS4A6A
1.65930507538507e-143	3.22107606036346	0.019	0.002	3.21423986152842e-139	g4	STAB1
2.45611976077748e-143	3.31934007667832	0.017	0.002	4.75774958860205e-139	g4	DAB2
4.09422027334153e-139	3.68308834726031	0.014	0.001	7.93091409148988e-135	g4	LYVE1
1.03524572861047e-137	0.935170654615598	0.182	0.099	2.00537450089135e-133	g4	NR4A2
6.66328151401826e-137	2.18398822378343	0.053	0.016	1.29074426208048e-132	g4	SGK1
1.40747298704075e-135	0.45933451021312	0.467	0.335	2.72641592319664e-131	g4	DUSP1
2.05860802150748e-131	0.852854645523737	0.192	0.107	3.98772959846214e-127	g4	IFNG
1.22849183814349e-126	3.39877454417273	0.015	0.001	2.37971153966776e-122	g4	F13A1
4.36699374192625e-124	0.518697807412385	0.543	0.426	8.45930357748535e-120	g4	FOS
1.22916046767851e-119	0.520926577017376	0.502	0.391	2.38100674194004e-115	g4	CD69
1.8186647689642e-115	0.991747917117765	0.143	0.075	3.52293552396056e-111	g4	TNF
1.3045850053814e-113	1.7354538125165	0.045	0.014	2.52711161392431e-109	g4	NPC2
9.95406245414203e-113	0.891330088717341	0.165	0.092	1.92820143799185e-108	g4	FOSB
1.97169353217319e-110	1.08798610896371	0.119	0.059	3.81936754117269e-106	g4	EGR1
3.66866222708824e-110	3.14246231459424	0.015	0.002	7.10656560009263e-106	g4	C5AR1
1.1164111183564e-108	0.960646868985682	0.385	0.281	2.16259997736818e-104	g4	CD74
8.89694561994215e-106	1.61398858705628	0.065	0.025	1.72342733603899e-101	g4	HLA-DQB1
2.10078471534832e-105	1.40650371740755	0.063	0.024	4.06943007210123e-101	g4	TNFSF9
5.61376463826023e-103	0.605573903818264	0.323	0.226	1.08744234807739e-98	g4	NFKBIA
2.30856265077977e-102	2.41380476068181	0.022	0.004	4.47191671082549e-98	g4	CD68
3.57579907626432e-102	0.421510539275924	0.563	0.453	6.92668039063161e-98	g4	JUN
6.03801612561784e-102	3.10783597148461	0.014	0.002	1.16962410369343e-97	g4	CSF1R
4.95826907886547e-100	1.82101088481806	0.032	0.008	9.60466303267031e-96	g4	AIF1
9.07226651204498e-99	2.01498756407471	0.039	0.012	1.75738874604823e-94	g4	BCL2A1
1.54062364623088e-97	2.77737079372548	0.017	0.003	2.98434206511385e-93	g4	MAFB
1.0943152682596e-96	1.12936982369717	0.157	0.091	2.11979810614568e-92	g4	XCL2
1.42778870711241e-96	0.203926603654326	0.746	0.598	2.76576950454744e-92	g4	CCL5
1.36870694211649e-95	2.94661338225744	0.015	0.002	2.65132221757385e-91	g4	LGMN
2.66680467628872e-94	0.597364645872648	0.313	0.221	5.16586733843887e-90	g4	IER2
1.28139562095194e-91	3.86637312176716	0.011	0.001	2.48219145734601e-87	g4	CCL2
8.05411458671821e-91	1.05370907872913	0.109	0.057	1.56016253659318e-86	g4	RHOB
1.99239224033452e-90	2.86345752512209	0.014	0.002	3.85946300875201e-86	g4	GPR34
8.03440383971269e-90	3.57957584915944	0.009	0.001	1.55634436779074e-85	g4	PTGS2
1.0448147504092e-88	2.29906768165206	0.021	0.005	2.02391065301766e-84	g4	FCGRT
6.29171487216993e-87	1.37079379301852	0.096	0.049	1.21876808788804e-82	g4	GPX1
1.70805295941308e-86	1.51792577478527	0.052	0.02	3.30866938767907e-82	g4	CD83
2.2251315456558e-86	0.837465932510443	0.437	0.353	4.31030231708984e-82	g4	FTL
9.20308713260289e-86	3.26489229265595	0.011	0.001	1.78273000845651e-81	g4	FCGR2A
2.83259306821249e-85	0.800823315859859	0.14	0.081	5.48701603243442e-81	g4	NR4A1
3.37839573615446e-84	0.781665866987586	0.151	0.089	6.5442903805048e-80	g4	CITED2
1.4048307991491e-83	2.37592360504469	0.019	0.004	2.72129774103173e-79	g4	PLAUR
5.32896038070441e-81	0.379872266867546	0.537	0.445	1.03227291534625e-76	g4	H3F3B
3.12988900508489e-80	3.28959273328427	0.01	0.001	6.06290799174994e-76	g4	SLCO2B1
3.5851301749358e-80	0.700714469137476	0.177	0.111	6.94475566186813e-76	g4	GADD45B
6.70861379511396e-80	2.60351324957027	0.016	0.003	1.29952557825152e-75	g4	NLRP3
1.61753596889654e-78	0.807613637815567	0.138	0.081	3.1333289253495e-74	g4	MCL1
1.7657671316275e-78	3.78590787659725	0.008	0.001	3.42046751067563e-74	g4	SLC1A3
1.06161428632452e-76	0.938437494381631	0.161	0.1	2.05645303403922e-72	g4	XCL1
6.35953206130876e-75	1.35360619272336	0.048	0.019	1.23190495559612e-70	g4	HLA-DMA
5.49451762197754e-74	2.97500556874268	0.01	0.001	1.06434300855327e-69	g4	C3
4.94461690316536e-73	0.789496474584791	0.137	0.082	9.57821740312163e-69	g4	RGCC
9.39889153183569e-73	0.879833581805578	0.102	0.055	1.82065927863189e-68	g4	ATF3
3.05686273144939e-72	3.19777809679741	0.009	0.001	5.92144879709061e-68	g4	A2M
7.82027406545509e-71	2.40597338553922	0.016	0.003	1.51486528921931e-66	g4	KLF4
4.23015598633005e-70	2.63816226069786	0.012	0.002	8.19423516111993e-66	g4	TMEM176B
6.0832789780402e-70	1.93001269650537	0.026	0.008	1.17839197083617e-65	g4	ZFAND5
4.84982776292151e-67	0.680507438362939	0.153	0.097	9.39460135955525e-63	g4	TAGAP
2.61851057042912e-64	0.560969139125162	0.468	0.394	5.07231682597826e-60	g4	FTH1
3.54149193399438e-64	2.68485744011337	0.011	0.002	6.8602240253405e-60	g4	CXCL16
1.1187664862481e-63	2.62902457581094	0.012	0.002	2.1671625605112e-59	g4	SLC40A1
9.86234137344587e-63	2.87293840649014	0.01	0.001	1.9104341474502e-58	g4	KCTD12
4.11798095254926e-62	0.8847764960535	0.102	0.059	7.97694090318318e-58	g4	HERPUD1
1.9931703879396e-61	0.289438664291809	0.576	0.491	3.8609703584778e-57	g4	JUNB
6.00433169854095e-61	1.58439365014877	0.036	0.014	1.16309909332437e-56	g4	SOD2
1.4670538941619e-60	0.544574160533374	0.215	0.151	2.84183009838102e-56	g4	PNRC1
1.83542738244719e-60	0.412548895005956	0.464	0.389	3.55540638253845e-56	g4	TSC22D3
4.52532520277461e-60	3.57765207226971	0.006	0.001	8.76600745029469e-56	g4	CLEC4E
6.08892185852246e-60	1.43160630892923	0.037	0.014	1.17948505321439e-55	g4	NAMPT
2.5383960347328e-59	3.93404992079353	0.005	0	4.91712695888091e-55	g4	CXCL12
1.45713140754779e-58	1.2513042485599	0.042	0.018	2.82260924956081e-54	g4	HLA-DRB1
3.77251650470916e-58	0.394673959095342	0.373	0.296	7.30774172127212e-54	g4	ZFP36L2
2.19097523312876e-57	1.88775140113563	0.02	0.005	4.24413812409372e-53	g4	EGR2
1.78137961365846e-56	3.63484190240625	0.006	0	3.4507104496178e-52	g4	VSIG4
3.14852112486065e-56	0.287595339158303	0.569	0.492	6.09900027096757e-52	g4	EIF1
6.86599316704349e-56	0.396796216758317	0.333	0.258	1.33001153638799e-51	g4	CXCR4
5.53077533274205e-55	1.11334209359254	0.052	0.024	1.07136648970546e-50	g4	PSAP
5.51426169136231e-52	2.37228895662728	0.009	0.001	1.06816763223379e-47	g4	C15orf48
1.88736351219528e-51	0.943453624244942	0.068	0.036	3.65601185947347e-47	g4	H3F3C
1.95794124010274e-51	1.07905521987382	0.032	0.012	3.79272797620301e-47	g4	LYZ
4.90095102225834e-49	3.25222588081979	0.006	0.001	9.49363222521662e-45	g4	OLR1
4.40948454252141e-46	3.73437757595717	0.004	0	8.54161250731823e-42	g4	PLAU
1.07459788587456e-45	1.45098408248879	0.026	0.01	2.08160356472761e-41	g4	NR4A3
1.8614952892316e-45	1.95434325989907	0.014	0.004	3.60590252477052e-41	g4	ELL2
1.16486147915158e-44	0.739885712011427	0.086	0.051	2.25645317126453e-40	g4	TUBB4B
4.87090759513435e-44	0.446596137046876	0.21	0.154	9.43543510253474e-40	g4	PPP1R15A
5.00453967391341e-44	2.73437757595716	0.008	0.001	9.69429380233766e-40	g4	C3AR1
8.01060805717665e-44	3.19803378045619	0.006	0.001	1.55173488675569e-39	g4	MSR1
1.64152344641315e-43	1.37211461632687	0.032	0.014	3.17979506804692e-39	g4	PLIN2
1.44528945629253e-42	2.78258666899978	0.007	0.001	2.79967020578426e-38	g4	RNF144B
4.7714551066076e-42	1.98666560032696	0.016	0.005	9.24278568700958e-38	g4	FGL2
8.97424128682038e-42	0.87282843380174	0.16	0.116	1.73840027966998e-37	g4	SAT1
1.68819469740407e-41	0.285044011532779	0.379	0.311	3.27020194834142e-37	g4	SRGN
1.69500877338594e-41	0.362655984567525	0.275	0.214	3.2834014949259e-37	g4	RGS1
4.0982954838236e-41	3.43863900505067	0.005	0.001	7.93880818171469e-37	g4	P2RY13
4.10742573845169e-41	1.46154403059797	0.032	0.014	7.95649439795477e-37	g4	CH25H
9.14009567296079e-41	0.270287059269065	0.405	0.335	1.77052793280923e-36	g4	CST7
1.24580893247184e-40	3.4637299860135	0.004	0	2.4132564830912e-36	g4	GGTA1P
1.28664664395637e-40	0.38684634339517	0.486	0.439	2.49236321400789e-36	g4	FXYD5
1.80666577495051e-40	3.50696707985409	0.004	0	3.49969227265664e-36	g4	MERTK
1.94752036519603e-40	0.426818390864705	0.197	0.145	3.77254169942123e-36	g4	BTG2
2.76672410397097e-40	3.65054598515369	0.004	0	5.35942126180216e-36	g4	TCHH
4.01925427872623e-40	2.51198515462072	0.008	0.001	7.78569746332057e-36	g4	CPM
5.8706798856213e-40	3.12900886457417	0.006	0.001	1.1372094006437e-35	g4	PLTP
2.89021453647986e-39	0.700228143446414	0.097	0.062	5.59863457861514e-35	g4	TYROBP
1.16193618159021e-38	4.04180610114941	0.003	0	2.2507865773584e-34	g4	IGF1
6.70013428385154e-38	0.706568036804606	0.077	0.046	1.29788301212488e-33	g4	HLA-DRB4
8.89153169738394e-38	0.759278711451347	0.074	0.044	1.72237860510024e-33	g4	JUND
1.68145946474782e-37	1.12983260524767	0.037	0.018	3.25715512916299e-33	g4	CTSB
1.05543482774256e-36	3.86366059290213	0.003	0	2.04448280482012e-32	g4	NRP2
1.17635472925202e-36	0.910864980868837	0.05	0.027	2.27871674603409e-32	g4	ANKRD28
1.55460777845665e-36	1.56445257451485	0.017	0.006	3.01143072764837e-32	g4	GRN
3.13117206100525e-36	3.48439932294882	0.004	0	6.06539339937326e-32	g4	FILIP1L
6.01789421989732e-36	2.54338035089625	0.007	0.001	1.16572628933631e-31	g4	HBEGF
3.51642346605287e-35	0.7702840508791	0.064	0.037	6.81166389609102e-31	g4	GeneID:102723863
2.75395113004118e-34	1.4215698593985	0.02	0.008	5.33467873400278e-30	g4	DUSP6
3.85979117431685e-34	0.877409353802662	0.049	0.027	7.47680148376917e-30	g4	GLUL
4.79187247271455e-34	0.384459837229082	0.256	0.203	9.28233616689536e-30	g4	TNFAIP3
5.90444059443255e-34	3.68707186117881	0.004	0	1.14374918754753e-29	g4	CCL8
1.77261919912122e-33	1.95834241711237	0.01	0.003	3.43374065061772e-29	g4	CFD
5.47797238025592e-33	0.669676890619015	0.085	0.055	1.06113802977937e-28	g4	KMT2E-AS1
7.15716300175184e-33	1.15455379853498	0.026	0.011	1.38641404506935e-28	g4	CRTAM
1.26852122600638e-32	0.417555695796943	0.197	0.151	2.45725246689697e-28	g4	SRSF7
2.25958446859927e-32	0.624252690291676	0.093	0.061	4.37704107412364e-28	g4	SERTAD1
2.5977633991872e-32	2.09455314020149	0.009	0.002	5.03212748056553e-28	g4	CLEC7A
6.22634329201404e-32	0.597056602510003	0.094	0.062	1.20610495909604e-27	g4	SOCS1
1.31619907924384e-31	2.89612864595378	0.005	0.001	2.54960923640325e-27	g4	IL18
1.43428631573307e-31	0.347951698265746	0.308	0.256	2.77835602220652e-27	g4	UBB
3.42163829149785e-31	0.674164123812389	0.075	0.048	6.62805553446048e-27	g4	NEAT1
4.73293328086014e-31	3.36177534299872	0.004	0.001	9.16816505835418e-27	g4	EREG
6.48517834813171e-31	3.01121778131599	0.004	0.001	1.25624389781659e-26	g4	TLR2
7.14753981420514e-31	3.14941507523601	0.004	0	1.38454993740968e-26	g4	TREM2
1.29044595371037e-30	0.717840147960516	0.068	0.042	2.49972285693236e-26	g4	CHMP1B
1.75545648801616e-30	0.919450403695429	0.039	0.021	3.4004947629361e-26	g4	NEU1
1.86528771856768e-30	0.562509904163524	0.106	0.073	3.61324883963746e-26	g4	ATP6V0C
3.96462137650978e-30	0.692066771099201	0.068	0.042	7.6798680684371e-26	g4	PTGER4
5.73572825704154e-30	0.261245332704503	0.214	0.165	1.11106792067152e-25	g4	GZMK
7.8946026740176e-30	1.86682787198081	0.01	0.003	1.52926348398395e-25	g4	RASGEF1B
1.43082988583576e-29	0.828276141980984	0.048	0.027	2.77166057185245e-25	g4	SDCBP
1.5070550410911e-29	2.4962178387624	0.005	0.001	2.91931632009758e-25	g4	ABCA1
2.66393036224773e-29	2.98230508940075	0.004	0	5.16029950471009e-25	g4	B3GNT5
2.94345406553768e-29	1.85699686262112	0.01	0.003	5.70176487035304e-25	g4	ETS2
4.59162434080146e-29	0.463153115662778	0.189	0.147	8.8944355105665e-25	g4	ANXA1
4.68687087581098e-29	0.477833257643383	0.135	0.098	9.07893757353345e-25	g4	CLEC2B
5.90673681712558e-29	0.66701195627462	0.069	0.044	1.1441939888454e-24	g4	CSRNP1
2.74086126977925e-28	0.324952028865717	0.21	0.164	5.30932236568939e-24	g4	CD8B
3.07728626773145e-28	3.05630567084453	0.004	0	5.9610112292226e-24	g4	EGFL7
3.27824560696903e-28	3.31934007667832	0.003	0	6.35028956525971e-24	g4	CHKA
4.36050213239442e-28	2.43963431039603	0.005	0.001	8.44672868066123e-24	g4	TMEM176A
4.40332901472912e-28	2.44248830745119	0.006	0.001	8.52968863443179e-24	g4	RAB31
5.05674493413925e-28	1.22492447478622	0.022	0.009	9.79542061192114e-24	g4	KLF10
4.56579841486084e-27	2.16733698323327	0.007	0.001	8.84440810942694e-23	g4	ACSL1
1.04420225460622e-26	3.48926507812063	0.003	0	2.0227241873977e-22	g4	TNFRSF21
1.04420225460622e-26	3.48926507812063	0.003	0	2.0227241873977e-22	g4	PID1
1.70529761351493e-26	2.77000148568789	0.004	0.001	3.30333200713977e-22	g4	MCTP1
1.77081179163488e-26	3.64126817156568	0.003	0	3.43023952157592e-22	g4	ADAP2
1.91946176184077e-26	3.79327126501073	0.002	0	3.71818937886176e-22	g4	FMN1
1.92106422918453e-26	0.85812515121212	0.023	0.01	3.72129351835335e-22	g4	IFI30
2.1873719496332e-26	3.18607354581486	0.003	0	4.23715820363446e-22	g4	TNFSF13
3.83572704374318e-26	2.17978872427953	0.007	0.001	7.43018685643491e-22	g4	LOC100509457
4.33792232663056e-26	3.18607354581486	0.003	0	8.40298933891606e-22	g4	ZNF812
5.08877593876959e-26	1.49367025724063	0.013	0.005	9.85746787099057e-22	g4	MFSD1
8.06470203994531e-26	0.74226836157663	0.053	0.032	1.56221343215781e-21	g4	BRE-AS1
9.58613474088372e-26	0.504596731876624	0.1	0.07	1.85693016065659e-21	g4	RBM8A
1.45225356176459e-25	0.69412998595131	0.058	0.036	2.81316037449418e-21	g4	DDX3X
1.55923832229116e-25	0.23004547408377	0.43	0.378	3.0204005541102e-21	g4	BTG1
1.94352309438906e-25	0.521803618997045	0.096	0.067	3.76479858614105e-21	g4	RPS18P9
5.29369346332687e-25	2.70838236742422	0.005	0.001	1.02544136078105e-20	g4	THBD
6.3415648721767e-25	3.21980440312741	0.003	0	1.22842453138935e-20	g4	NRP1
8.76620982537381e-25	2.36240879857021	0.005	0.001	1.69810250527316e-20	g4	CD93
1.14699283503134e-24	3.37180749657246	0.003	0	2.22183982073921e-20	g4	CREB5
1.14992233956657e-24	3.26687265678419	0.003	0	2.22751456397441e-20	g4	ANKRD22
1.37654399386528e-24	2.25266903703303	0.006	0.002	2.66650337051643e-20	g4	THBS1
1.90866517505643e-24	2.0702448618024	0.011	0.004	3.69727531060182e-20	g4	G0S2
1.98092403410029e-24	0.577191867780535	0.068	0.044	3.83724794645567e-20	g4	LOC100996809
2.02491099939043e-24	0.484114042717724	0.123	0.091	3.9224550969192e-20	g4	TUBA4A
2.89843404323812e-24	1.40299800572523	0.014	0.005	5.61455658515656e-20	g4	ICAM1
4.88775543301292e-24	0.739303135678118	0.05	0.031	9.46807104928933e-20	g4	MYADM
6.02850692835603e-24	1.12669499873593	0.02	0.009	1.16778207709185e-19	g4	UBE2S
6.20362505987091e-24	0.896808040852553	0.036	0.02	1.20170421034759e-19	g4	MIR155HG
7.89784832209637e-24	2.20588202689504	0.006	0.001	1.52989219847329e-19	g4	RNASE6
2.74341482893894e-23	1.81344914694836	0.004	0.001	5.31426886513762e-19	g4	APOE
3.43588783913939e-23	1.70195609826479	0.009	0.003	6.65565833319691e-19	g4	CYBB
6.95716029331367e-23	0.678343541042837	0.053	0.033	1.34767152041779e-18	g4	SLC38A2
8.49035270694374e-23	2.42625528059483	0.004	0.001	1.64466622286207e-18	g4	RAB20
1.55589653528402e-22	1.04259038768185	0.026	0.013	3.01392717849867e-18	g4	ARRDC3
1.69579715771996e-22	2.00567959777456	0.004	0.001	3.28492867421933e-18	g4	APOC1
2.90162038524007e-22	3.01977979481941	0.003	0	5.62072884824854e-18	g4	MMP19
3.67888929584387e-22	3.54173249801477	0.002	0	7.12637645497916e-18	g4	IL1A
4.15623375176859e-22	3.03923215748559	0.003	0	8.05104040055093e-18	g4	RGL1
6.73380236755565e-22	2.3033985328093	0.005	0.001	1.30440485661921e-17	g4	PLXDC2
6.88972325029297e-22	0.60845513598221	0.063	0.042	1.33460829081425e-17	g4	ITM2C
7.84615505483918e-22	0.617665853812282	0.065	0.043	1.5198786956729e-17	g4	NFKBIZ
8.32226646586107e-22	1.90946428251526	0.007	0.002	1.61210623710195e-17	g4	OTUD1
8.94255485540908e-22	2.7545554578948	0.002	0	1.73226230104129e-17	g4	CXCL1
1.00177786264907e-21	0.442983143690265	0.138	0.106	1.94054389773752e-17	g4	ZFP36L1
1.61081347208944e-21	2.68191015606303	0.004	0.001	3.12030677678445e-17	g4	CLEC10A
2.23141410136945e-21	3.90430257739948	0.002	0	4.32247225576277e-17	g4	ITSN1
3.42196047773877e-21	0.554792463464283	0.082	0.057	6.62867964142778e-17	g4	RGS2
3.71329476257854e-21	0.540209908016123	0.077	0.053	7.19302328459089e-17	g4	ARF6
4.54791478560876e-21	0.224442794682007	0.248	0.204	8.80976573120272e-17	g4	CD8A
8.80200999058025e-21	2.625443204404	0.004	0.001	1.7050373552753e-16	g4	FPR1
1.14672267112599e-20	0.983185380223	0.024	0.012	2.22131648623816e-16	g4	LOC102724850
1.29310516621627e-20	4.73437757595716	0.001	0	2.50487401747754e-16	g4	TNFSF18
1.2940865353442e-20	4.54173249801477	0.001	0	2.50677502761525e-16	g4	SRGAP1
1.41788331680508e-20	0.814263285192482	0.035	0.02	2.74658177298312e-16	g4	TMEM107
1.71828679574166e-20	3.31934007667832	0.002	0	3.32849335203117e-16	g4	CLDN1
2.00088672558704e-20	0.380181924446766	0.134	0.103	3.87591767613466e-16	g4	DNAJA1
2.3691494709395e-20	2.21242487276181	0.005	0.001	4.5892794401569e-16	g4	ADM
3.0541167949176e-20	1.60884669387331	0.009	0.003	5.91612964343488e-16	g4	TRIB1
3.61921503554061e-20	1.51497519722653	0.007	0.002	7.01078144534571e-16	g4	CPVL
3.97057462394201e-20	0.921872586283659	0.026	0.014	7.69140010403806e-16	g4	RILPL2
5.6485738030429e-20	1.90430257739948	0.006	0.001	1.09418523138744e-15	g4	GSN
6.15076457781149e-20	0.665574239241942	0.06	0.04	1.19146460636786e-15	g4	MT1X
2.68672342366317e-19	0.52126628410493	0.081	0.058	5.20445194397792e-15	g4	CD97
8.0213558533661e-19	2.56445257451485	0.003	0.001	1.55381684235555e-14	g4	TM6SF1
9.52011533491917e-19	0.401546203168601	0.115	0.088	1.84414154152719e-14	g4	CLDND1
1.74261289838195e-18	0.545887329649646	0.065	0.045	3.37561544545568e-14	g4	ZNF331
2.0208684957243e-18	0.737836448486403	0.037	0.022	3.91462436306755e-14	g4	GABARAPL1
3.8933749385279e-18	0.688317956458647	0.04	0.025	7.5418565934224e-14	g4	SPRY1
4.71681902880667e-18	2.04433302917845	0.005	0.001	9.13695014070139e-14	g4	TGFBI
4.83927100367664e-18	0.617563910974416	0.052	0.035	9.37415186122202e-14	g4	SNHG12
5.18713946302813e-18	0.910491754806277	0.023	0.012	1.00480078538318e-13	g4	LOC101929910
6.30165790332669e-18	0.639543005834483	0.047	0.03	1.22069415245341e-13	g4	LYST
6.44687847137554e-18	0.549408694290403	0.054	0.036	1.24882482869016e-13	g4	CDKN1A
1.01273772132004e-17	0.6756437511667	0.037	0.023	1.96177423996904e-13	g4	ATP5EP2
1.42714718709245e-17	0.180857148685692	0.397	0.353	2.76452681611679e-13	g4	ND4
1.44888210080294e-17	0.62897743122518	0.045	0.029	2.80662951746537e-13	g4	LOC284454
2.14142326326276e-17	2.38805282676234	0.003	0.001	4.14815100326628e-13	g4	IL1RN
2.14590265388777e-17	0.536469102753567	0.074	0.053	4.15682803084601e-13	g4	KLF2
2.50023282066523e-17	0.446099516309717	0.084	0.061	4.84320099691061e-13	g4	YPEL5
2.85549991833829e-17	0.449568163279579	0.089	0.066	5.5313888918131e-13	g4	RPL22L1
3.11268621937427e-17	2.51678614088454	0.003	0.001	6.02958447554989e-13	g4	FN1
3.19783945372648e-17	2.30048104942701	0.003	0.001	6.19453480581357e-13	g4	FCER1A
4.01280717778245e-17	0.503222292580022	0.071	0.051	7.77320878408239e-13	g4	ATP5D
4.90880221083777e-17	1.09966204003891	0.016	0.007	9.50884076261385e-13	g4	EDARADD
5.12487019085356e-17	3.85990845804102	0.002	0	9.92738604670244e-13	g4	HCAR2
5.12791301728328e-17	3.76679905364954	0.002	0	9.93328030577945e-13	g4	STARD13
5.68484492772949e-17	0.566418367216995	0.057	0.039	1.10121131095048e-12	g4	TRA2B
9.80205053321717e-17	0.766051626234962	0.032	0.019	1.8987552087895e-12	g4	EIF4E
1.11017242665714e-16	0.722972812684915	0.033	0.02	2.15051500767755e-12	g4	LOC100996919
1.3651038315328e-16	0.639309318527627	0.047	0.031	2.6443426320622e-12	g4	LOC100506248
1.49231604751547e-16	0.384652335125309	0.211	0.179	2.89076541564222e-12	g4	ITM2B
1.90625112018287e-16	2.5048957298344	0.003	0.001	3.69259904490624e-12	g4	FCGR2B
2.12235150120287e-16	0.739747890739074	0.033	0.02	4.11120709298008e-12	g4	AMD1
2.31149985986212e-16	0.997411981790959	0.017	0.009	4.47760637853891e-12	g4	CD9
3.31571878104472e-16	1.11946185313438	0.015	0.007	6.42287885076173e-12	g4	RNU4-2
3.3776823409903e-16	0.922449924109737	0.019	0.01	6.54290846273231e-12	g4	HLA-DRB3
3.49131065529052e-16	2.16322087476104	0.004	0.001	6.76301787036327e-12	g4	TNFAIP2
3.53084648314115e-16	0.616424100588205	0.043	0.028	6.83960272249272e-12	g4	PSTPIP1
4.7268622454948e-16	1.00286641188307	0.017	0.008	9.15640485574798e-12	g4	PLD3
6.33178609166752e-16	2.85990845804102	0.002	0	1.22653028381692e-11	g4	DAPK1
6.81304426323503e-16	0.652260632450069	0.04	0.026	1.31975480423126e-11	g4	SPNS1
7.08258982008797e-16	0.710473707746444	0.056	0.039	1.37196847404924e-11	g4	AREG
7.21106349332117e-16	0.609796410868258	0.043	0.028	1.39685510929124e-11	g4	DGCR6L
9.57429807410966e-16	0.447817114304757	0.076	0.055	1.85463727993578e-11	g4	BRD2
1.09689546820372e-15	1.03414925719236	0.017	0.009	2.12479621145742e-11	g4	CEBPD
1.25568950517071e-15	1.45352542407272	0.008	0.003	2.43239614046618e-11	g4	ITPR2
1.29582548814341e-15	0.431814805936733	0.1	0.077	2.5101435530826e-11	g4	TUBA1A
1.59798589950895e-15	4.21242487276181	0.001	0	3.09545848593879e-11	g4	HCAR3
1.90442520740687e-15	1.74383790520623	0.005	0.002	3.68906206926785e-11	g4	RASSF4
2.09758766331633e-15	1.23187723542798	0.011	0.005	4.06323706261006e-11	g4	ARL5B
2.37831750515125e-15	0.997411981790959	0.016	0.008	4.60703883922849e-11	g4	LINC00936
2.4183660168252e-15	0.674982167183399	0.036	0.023	4.6846168111921e-11	g4	ODC1
2.62457400993426e-15	0.431199277928724	0.088	0.066	5.08406231464365e-11	g4	PHLDA1
2.98621602546095e-15	2.17124143768919	0.004	0.001	5.78459906292041e-11	g4	ABL2
3.74362578568372e-15	0.621538095253331	0.04	0.026	7.25177750944793e-11	g4	H2AFX
3.8866135719292e-15	2.94082845342459	0.002	0	7.52875915018404e-11	g4	SERPING1
4.05654562093285e-15	0.252165842764638	0.229	0.196	7.85793452230902e-11	g4	CYBA
4.42881730144794e-15	2.77877169531562	0.002	0	8.5790619946348e-11	g4	CYB5D1
5.11359904618593e-15	0.69159270946037	0.032	0.02	9.90555271236677e-11	g4	MAP3K8
6.17999096921988e-15	0.627793607271333	0.039	0.025	1.19712605064758e-10	g4	LOC642441
7.84633961390053e-15	0.877308006117906	0.019	0.01	1.51991444660867e-10	g4	MARCKSL1
7.92927051444219e-15	0.391085004837669	0.097	0.075	1.5359789913526e-10	g4	SRSF2
9.22147848717705e-15	4.19380919459446	0.001	0	1.78629259775107e-10	g4	VNN1
9.71784334283117e-15	0.331870471634457	0.132	0.106	1.88244343393983e-10	g4	ZFAS1
1.01620402222435e-14	0.667774195187663	0.034	0.022	1.96848881145079e-10	g4	STUB1
1.05350351877279e-14	1.37045539240518	0.008	0.003	2.04074166621477e-10	g4	RNU5A-1
1.12627324639332e-14	0.911747389560642	0.018	0.01	2.1817039055885e-10	g4	SMIM3
1.12914925975927e-14	0.808378157400942	0.023	0.013	2.18727503107967e-10	g4	NCF1
1.33768216686371e-14	0.657700055667782	0.049	0.034	2.5912241254317e-10	g4	GPR183
1.47575321405825e-14	1.09089861066907	0.015	0.007	2.85868155095224e-10	g4	GLA
1.72022103733908e-14	3.90430257739948	0.001	0	3.33224017142953e-10	g4	DOCK4
1.72022103733908e-14	3.90430257739948	0.001	0	3.33224017142953e-10	g4	ADORA3
1.9727119838094e-14	3.64126817156568	0.001	0	3.82134038383718e-10	g4	RND3
1.99940583477004e-14	0.795251108728365	0.025	0.015	3.87304904253304e-10	g4	EIF4A3
2.00867439478619e-14	0.85928700851994	0.022	0.012	3.89100317014033e-10	g4	THAP3
2.20057397262974e-14	0.77905949563726	0.025	0.015	4.26273184238107e-10	g4	MYLIP
2.47991624768267e-14	1.22394305388576	0.012	0.005	4.8038457633861e-10	g4	RASD1
2.63771564696169e-14	1.74255150740287	0.006	0.002	5.10951897972949e-10	g4	HIST2H2AA3
2.81527807108807e-14	0.534976797246946	0.053	0.037	5.45347515150469e-10	g4	FNBP1
3.10780716467421e-14	0.573667787161216	0.044	0.03	6.02013325869042e-10	g4	MZT2B
3.32129228205833e-14	0.635774177101625	0.035	0.022	6.43367527957519e-10	g4	RPL19P12
3.49651677133989e-14	0.65178779446024	0.033	0.021	6.77310263776249e-10	g4	SNHG7
4.62728759565157e-14	0.440646372900455	0.08	0.06	8.96351880153666e-10	g4	SELK
5.0958087290787e-14	3.0848748230413	0.002	0	9.87109108909835e-10	g4	WLS
5.26120992994096e-14	0.695129755289329	0.03	0.018	1.01914897552886e-09	g4	TGIF1
5.76645164083104e-14	0.564961551426425	0.044	0.03	1.11701934734538e-09	g4	TOB1
5.99088123157939e-14	1.13234156187707	0.012	0.005	1.16049360336924e-09	g4	NPIPB11
6.01713962643463e-14	1.02121500637617	0.011	0.005	1.16558011703665e-09	g4	SERPINA1
1.13311133044848e-13	3.97141677325802	0.001	0	2.19494995821176e-09	g4	PKP2
1.68840025902e-13	3.0144854951499	0.002	0	3.27060014174764e-09	g4	FGD4
2.15826815738522e-13	0.497954257018236	0.051	0.036	4.18078124767092e-09	g4	CKS2
2.22491564652242e-13	2.88638066940221	0.002	0	4.30988409887858e-09	g4	JDP2
2.53451075888082e-13	0.431814805936734	0.075	0.056	4.90960079102804e-09	g4	PIK3R1
3.07477605354356e-13	0.38460584814449	0.088	0.068	5.95614869331923e-09	g4	SAMSN1
3.17251999221882e-13	0.644016300701512	0.033	0.021	6.14548847692708e-09	g4	AMICA1
3.50856151840517e-13	0.950391807843003	0.017	0.009	6.79643451730266e-09	g4	BNIP3L
3.71827994174217e-13	0.502825155335241	0.051	0.036	7.20268007514875e-09	g4	GNB2
3.8105879997637e-13	0.60015347931115	0.037	0.025	7.38149001434226e-09	g4	AKIRIN2
3.88287617392523e-13	0.401884792164351	0.082	0.062	7.52151943651056e-09	g4	GNG2
4.42355470185461e-13	1.14134177470033	0.011	0.005	8.56886781296257e-09	g4	ARHGAP18
4.98803419660523e-13	1.03176348658174	0.014	0.007	9.66232104224399e-09	g4	MPZL3
5.76221250407046e-13	0.789519130149626	0.021	0.012	1.11619818416349e-08	g4	GRAMD1A
6.31307150630937e-13	0.511985154620717	0.048	0.034	1.22290508148719e-08	g4	PTPN22
6.37628943650364e-13	0.971220127031186	0.014	0.007	1.23515102674512e-08	g4	AHR
6.57955651838779e-13	2.20004114830598	0.003	0.001	1.2745258931769e-08	g4	VEGFA
7.12253590625569e-13	4.05630567084453	0.001	0	1.37970643040079e-08	g4	PYGL
9.54554221763196e-13	0.674047041755843	0.03	0.019	1.84906698297749e-08	g4	METTL12
1.22735928583814e-12	0.729159866686146	0.025	0.015	2.37751767259707e-08	g4	PDLIM2
1.40579046629841e-12	0.303589001039659	0.127	0.103	2.72315671226665e-08	g4	GUK1
1.67807223448173e-12	0.341525434589816	0.097	0.076	3.25059372541457e-08	g4	CYCS
1.75583864600295e-12	1.22980885508675	0.009	0.004	3.40123504117232e-08	g4	HLA-DMB
1.9676019121867e-12	0.893885961454139	0.02	0.012	3.81144166409685e-08	g4	INSIG1
2.48945245602325e-12	0.341984411215353	0.097	0.076	4.82231835256264e-08	g4	SRSF3
2.66436090896015e-12	0.907913830951857	0.016	0.009	5.16113351674671e-08	g4	PER1
3.46355773223878e-12	0.945881681150877	0.014	0.007	6.70925768311973e-08	g4	STX4
3.91227932354965e-12	1.07938928395757	0.011	0.005	7.57847627764803e-08	g4	STX11
4.00311117404193e-12	2.63128408299306	0.002	0	7.75442665523662e-08	g4	CSF2RA
4.41920044880015e-12	0.714214536637459	0.024	0.015	8.56043318937076e-08	g4	RPP21
4.49295497859297e-12	0.688789469076379	0.026	0.016	8.70330308903245e-08	g4	GTF2B
4.86562478449941e-12	0.377973756867962	0.087	0.068	9.42520177005382e-08	g4	RPL21P28
5.26203343221687e-12	0.718712980793872	0.024	0.015	1.01930849615473e-07	g4	VIM-AS1
6.67489200274631e-12	0.465423945934852	0.055	0.04	1.29299332985199e-07	g4	DDIT3
7.2821387517189e-12	3.83391324950808	0.001	0	1.41062309759547e-07	g4	LILRB5
7.2821387517189e-12	3.83391324950808	0.001	0	1.41062309759547e-07	g4	OLFML2B
8.1237845243848e-12	1.86764410682063	0.004	0.001	1.57365830021858e-07	g4	PLD4
8.67797862704844e-12	1.45426965676443	0.006	0.002	1.68101123984555e-07	g4	TBXAS1
9.23309488501021e-12	1.15130218478027	0.009	0.004	1.78854281017533e-07	g4	HLA-DRB6
9.35177535358829e-12	0.598929382825791	0.032	0.021	1.81153240374359e-07	g4	CHCHD10
1.00152061282992e-11	0.402206113815739	0.072	0.055	1.94004557911283e-07	g4	LAMTOR4
1.09990112881664e-11	0.35854426758443	0.084	0.066	2.13061847663071e-07	g4	PET100
1.10262791209348e-11	0.533335082403992	0.041	0.029	2.13590052851628e-07	g4	MZT2A
1.48907491065596e-11	0.763417248908519	0.02	0.012	2.88448700943166e-07	g4	CBWD5
2.09158250877404e-11	0.69590342814253	0.024	0.015	4.0516044777462e-07	g4	JMJD6
2.12011100236578e-11	0.454995176035887	0.049	0.036	4.10686702268275e-07	g4	SNHG9
2.12270737807382e-11	0.765260082230422	0.019	0.011	4.1118964620668e-07	g4	DDTL
2.17537235225189e-11	4.31934007667832	0.001	0	4.21391378354714e-07	g4	PDGFC
2.17537235225189e-11	4.31934007667832	0.001	0	4.21391378354714e-07	g4	LPL
2.21048317801109e-11	0.747224455512769	0.02	0.012	4.28192696412528e-07	g4	LMO4
2.25048796449717e-11	0.691500867779663	0.024	0.015	4.35942023602747e-07	g4	RBMX
2.30278861388389e-11	0.614152043639066	0.03	0.019	4.46073182395449e-07	g4	ATP5L2
2.56623624713514e-11	0.614593218562445	0.03	0.02	4.97105623432548e-07	g4	PLEK
2.59409448894591e-11	3.31934007667832	0.001	0	5.02502043453713e-07	g4	RAPH1
2.59551038574847e-11	3.20386285925838	0.001	0	5.02776316823337e-07	g4	KCNMA1
2.88586829129847e-11	0.760466804825827	0.02	0.012	5.59021546707427e-07	g4	SLC20A1
2.92806102341938e-11	0.300157760134459	0.118	0.096	5.67194700846568e-07	g4	C9orf142
2.98018188557729e-11	0.449438992745303	0.056	0.041	5.77291033055177e-07	g4	CREM
3.19445339371176e-11	0.406010920631177	0.067	0.051	6.18797566895905e-07	g4	CCNL1
3.25994376885512e-11	0.180984584068505	0.339	0.309	6.31483707464925e-07	g4	ATP5E
3.32569823964314e-11	0.465888740031263	0.05	0.036	6.44221006001273e-07	g4	SFPQ
4.2434092312002e-11	3.45684360042826	0.001	0	8.21990802175791e-07	g4	TLR5
4.50159437992824e-11	0.845205706169545	0.015	0.008	8.72003847335899e-07	g4	KDM6B
4.54590576653329e-11	1.73437757595717	0.004	0.001	8.80587406035164e-07	g4	EMR2
4.9224396448088e-11	2.20386285925838	0.002	0.001	9.53525783595913e-07	g4	FRMD4A
4.97676473325656e-11	3.90430257739948	0.001	0	9.64049096479129e-07	g4	ALOX15B
5.12366700730872e-11	3.22623067228684	0.001	0	9.92505535985772e-07	g4	VMO1
5.55206775020134e-11	3.64126817156568	0.001	0	1.0754910438915e-06	g4	KMO
6.09606462612267e-11	1.74779809171949	0.004	0.001	1.18086867872622e-06	g4	NPIPB3
6.33653937730426e-11	2.04180610114941	0.003	0.001	1.22745104277761e-06	g4	BAMBI
7.43239574973947e-11	0.954643696185225	0.012	0.006	1.43972938068203e-06	g4	P4HTM
7.60283812572062e-11	1.03109510804725	0.011	0.005	1.47274577333334e-06	g4	METRNL
7.68383450395612e-11	1.96786770617694	0.003	0.001	1.48843558176134e-06	g4	TSPAN4
8.47135811512689e-11	1.11313968884446	0.01	0.005	1.64098678048123e-06	g4	LIPA
8.62993704770882e-11	0.451485045032732	0.05	0.036	1.67170510551168e-06	g4	SNHG15
9.07482202095865e-11	1.00016259280699	0.011	0.006	1.7578837736799e-06	g4	KLF9
9.22444255911586e-11	0.510477898651244	0.043	0.031	1.78686676812633e-06	g4	HNRNPU
9.25521070920725e-11	5.19380919459446	0.001	0	1.79282686648054e-06	g4	HAMP
9.88177873965249e-11	0.199435392049216	0.251	0.223	1.91419935965808e-06	g4	ND2
1.02175902863602e-10	0.477558601619767	0.045	0.032	1.97924941437084e-06	g4	PTP4A2
1.0438673017794e-10	0.653759115748881	0.025	0.016	2.02207535027687e-06	g4	CLTB
1.08608145703117e-10	0.877296698090952	0.014	0.008	2.10384839041507e-06	g4	ATG101
1.11312042608504e-10	2.44487095876218	0.002	0	2.15622557736933e-06	g4	FCGR1A
1.15514627648368e-10	0.760722571142542	0.019	0.011	2.23763385217653e-06	g4	IVNS1ABP
1.26737255215386e-10	0.289398496321217	0.113	0.092	2.45502737077725e-06	g4	GABARAP
1.36467657931701e-10	0.440514827757904	0.051	0.038	2.64351500179498e-06	g4	BLOC1S1
1.99540190742713e-10	0.923855374820878	0.013	0.007	3.8652930348771e-06	g4	SLC1A5
2.04966040977305e-10	3.31934007667832	0.001	0	3.97039717977138e-06	g4	SPRED1
2.04966040977305e-10	3.31934007667832	0.001	0	3.97039717977138e-06	g4	SLC8A1
2.09493347212821e-10	2.8718810997071	0.002	0	4.05809562885956e-06	g4	SDPR
2.42525421346348e-10	0.453973165869433	0.051	0.037	4.69795993690012e-06	g4	KRT10
2.52990363988399e-10	0.708043428143703	0.02	0.013	4.90067634081928e-06	g4	NAA50
2.63327334559126e-10	5.64126817156568	0	0	5.10091379774484e-06	g4	ARHGAP6
2.63327334559126e-10	5.64126817156568	0	0	5.10091379774484e-06	g4	LOC101927150
2.85480937976884e-10	1.49831021772364	0.005	0.002	5.53005124955022e-06	g4	OGFRL1
2.99942421282455e-10	1.03923215748559	0.01	0.005	5.81018464266243e-06	g4	LRRC59
3.27438685953934e-10	1.2837161669476	0.009	0.004	6.34281478561365e-06	g4	TWISTNB
3.32401084923315e-10	3.47134317012337	0.001	0	6.43894141604953e-06	g4	DST
3.38302402732851e-10	0.703605227162348	0.021	0.013	6.55325584333806e-06	g4	PITHD1
3.4875174483917e-10	0.577688401671547	0.031	0.021	6.75567004927955e-06	g4	TSEN54
3.68200201327653e-10	1.18006528807619	0.008	0.004	7.13240609991797e-06	g4	MEF2A
3.80323287610449e-10	0.85686158248216	0.014	0.008	7.36724240430201e-06	g4	MORF4L2
3.82012619683155e-10	0.801335998448289	0.016	0.009	7.39996645588239e-06	g4	LINC00623
3.93150707014072e-10	0.332691042224302	0.189	0.165	7.61572234556959e-06	g4	MT2A
3.96829078460772e-10	1.08554289206962	0.009	0.004	7.68697607886361e-06	g4	BLVRB
4.14743033831286e-10	0.907442284930045	0.012	0.007	8.03398730834584e-06	g4	RIN3
4.18573812167839e-10	0.93723646676156	0.012	0.006	8.10819331550321e-06	g4	RB1
4.38411114139435e-10	1.00045243611101	0.01	0.005	8.49246169199499e-06	g4	ARL2
4.93849076241601e-10	0.397852104856845	0.063	0.048	9.56635045587604e-06	g4	CLK1
5.56134219332624e-10	0.225780785401116	0.162	0.138	1.07728759626923e-05	g4	HNRNPDL
5.67814073550278e-10	1.7481833754822	0.004	0.001	1.09991264187424e-05	g4	KCNQ1OT1
5.69868586834418e-10	0.840775499466239	0.015	0.008	1.10389243955695e-05	g4	LOC646513
5.72011712437358e-10	0.355976711986503	0.071	0.055	1.10804388816241e-05	g4	RPS14P3
6.02474252698478e-10	0.59687405220723	0.029	0.019	1.16705287490222e-05	g4	CEBPB
6.88365349835171e-10	2.49991232232014	0.002	0	1.33343251916571e-05	g4	PHACTR1
7.04955032481922e-10	1.7978029560988	0.003	0.001	1.36556839342073e-05	g4	C16orf54
7.07512710765436e-10	0.520053592743111	0.035	0.025	1.37052287202373e-05	g4	REL
7.19225616483086e-10	0.689460429672911	0.021	0.013	1.39321194168939e-05	g4	LOC102288414
7.28538963521316e-10	1.93231695356907	0.003	0.001	1.41125282623714e-05	g4	ALDH2
7.56270316108932e-10	1.16283559099833	0.008	0.003	1.46497122933461e-05	g4	ERO1LB
8.73980088910389e-10	0.415427180869699	0.052	0.039	1.69298683022832e-05	g4	SH2D1A
1.01540881770696e-09	0.254507941796106	0.132	0.11	1.96694842078015e-05	g4	GZMM
1.16230461380039e-09	0.4964464497	0.037	0.026	2.25150026739273e-05	g4	RASAL3
1.27137384981959e-09	0.878453753630586	0.013	0.007	2.46277828448553e-05	g4	GNA13
1.30855404009525e-09	0.148551185964154	0.329	0.297	2.53480003106852e-05	g4	HSPA1A
1.39154312707724e-09	0.73727746646296	0.018	0.011	2.69555819146131e-05	g4	MIF-AS1
1.39569290626115e-09	0.161014695841939	0.281	0.253	2.70359672871847e-05	g4	ND1
1.43947183833103e-09	1.01656308213587	0.01	0.005	2.78840089803104e-05	g4	MAFF
1.48451628924199e-09	0.456932878873836	0.043	0.032	2.87565650389066e-05	g4	LSM8
1.52234208229572e-09	2.8498547933771	0.001	0	2.94892884761504e-05	g4	HNMT
1.53749913018043e-09	0.565300969153173	0.032	0.022	2.97828956507251e-05	g4	SNORA78
1.71245098229072e-09	0.674876564208503	0.02	0.013	3.31718879779535e-05	g4	DUSP5
1.79361204461025e-09	2.31934007667832	0.002	0	3.47440589161452e-05	g4	RCAN1
1.81430378946926e-09	0.509101493774803	0.038	0.027	3.51448787058091e-05	g4	ZNRD1
1.81963609988745e-09	1.41048796473652	0.005	0.002	3.52481708909198e-05	g4	SPRY2
1.85556779740115e-09	0.331541036071056	0.08	0.064	3.59442038034576e-05	g4	RHOH
2.16058042668712e-09	0.645617696913008	0.023	0.015	4.18526034453561e-05	g4	TBCC
2.45454543347403e-09	1.44182408320332	0.005	0.002	4.75469995918254e-05	g4	MPEG1
2.49086307890325e-09	0.488554756711133	0.037	0.027	4.82505087014348e-05	g4	NME3
2.59427343405668e-09	0.391922078813222	0.04	0.029	5.0253670691112e-05	g4	FCER1G
2.93912136026255e-09	0.696685285885215	0.018	0.011	5.69337198696459e-05	g4	LOC100996740
3.35257287496915e-09	1.43004354108454	0.005	0.002	6.49426891610274e-05	g4	CCDC64
3.56764336078735e-09	0.848646144477946	0.012	0.007	6.91088195418118e-05	g4	ANKRD39
3.77372271513041e-09	0.592939171417568	0.025	0.017	7.31007827147912e-05	g4	EPS15
3.81489354859003e-09	0.495898774410715	0.037	0.026	7.38983029297374e-05	g4	ATP6V0B
3.96813541200234e-09	3.01977979481941	0.001	0	7.68667510658973e-05	g4	BHLHE41
4.01323821381866e-09	1.49248897899492	0.004	0.002	7.77404374398812e-05	g4	HNRNPU-AS1
4.60433366432143e-09	0.54098128995776	0.03	0.021	8.91905474115703e-05	g4	TCEB1
4.63070620801214e-09	1.80476690384856	0.003	0.001	8.97014099554031e-05	g4	SH2B3
4.68676064126101e-09	0.611200833706333	0.024	0.016	9.0787240381867e-05	g4	STARD7
4.72863149923481e-09	0.870581959555476	0.012	0.007	9.15983207716775e-05	g4	BROX
4.86482486394824e-09	0.668288385499393	0.02	0.013	9.42365224395414e-05	g4	TBX21
4.92686131388881e-09	1.09000158972901	0.008	0.004	9.54382305113401e-05	g4	TFRC
4.95834370747314e-09	0.405838494517268	0.051	0.039	9.60480759574621e-05	g4	FAM96B
5.2246669927982e-09	0.377462181510235	0.055	0.042	0.000101207024317494	g4	TSPYL2
5.50150315203354e-09	0.529384702697599	0.031	0.021	0.000106569617558042	g4	POLR2J
5.6276189769165e-09	0.412449481069802	0.048	0.036	0.00010901260720185	g4	ARHGAP9
5.81138081169468e-09	0.805344097311308	0.013	0.008	0.000112572257703338	g4	GRINA
5.83553710071616e-09	0.680327859134911	0.019	0.012	0.000113040189177973	g4	SLC25A39
5.98809155443583e-09	0.91527369522048	0.011	0.006	0.000115995321500977	g4	NCOA4
6.02285285828815e-09	1.45684360042826	0.005	0.002	0.0001166686827179	g4	IRS2
6.71863440016284e-09	3.18183655292839	0.001	0	0.000130146666965554	g4	SIRPA
6.73615949988706e-09	0.899662190507568	0.01	0.006	0.000130486145672312	g4	PPIF
6.9856729772744e-09	0.379707048731651	0.058	0.045	0.000135319471242782	g4	KLRK1
7.60276172472015e-09	0.858727373209698	0.012	0.007	0.000147273097369554	g4	ZSWIM7
7.62709140453159e-09	0.154009451586279	0.334	0.306	0.000147744387597181	g4	HSPA8
8.01371456340417e-09	0.552084017084434	0.029	0.02	0.000155233664807702	g4	ZNF428
8.02113533657838e-09	0.994279092305996	0.01	0.005	0.00015537741260486	g4	IER5
8.45432847209219e-09	0.609986713719976	0.023	0.015	0.000163768796832898	g4	RNF114
8.50915011991662e-09	0.597075531858544	0.023	0.015	0.000164830746972905	g4	SRRT
8.91103957684642e-09	0.771588655054237	0.015	0.009	0.000172615747643092	g4	EMC3
9.31731369070328e-09	0.87876748529234	0.011	0.006	0.000180485683502613	g4	ENO2
9.81346548049088e-09	0.581115036739516	0.025	0.016	0.000190096639822589	g4	FAM173A
9.92687974060905e-09	0.527705612742484	0.031	0.022	0.000192293587455338	g4	HERPUD2
9.94400873510985e-09	4.31934007667832	0.001	0	0.000192625393207813	g4	GAL3ST4
9.94779632215247e-09	3.90430257739948	0.001	0	0.000192698762556415	g4	CD1A
1.14011229780932e-08	0.727849532959667	0.016	0.01	0.000220851153208644	g4	RBM38
1.33275818329412e-08	0.319340076678321	0.076	0.061	0.000258168587685904	g4	DRAP1
1.35154634001819e-08	0.595613506001314	0.022	0.015	0.000261808041524923	g4	SRSF9
1.46062273825304e-08	0.614346872250395	0.023	0.015	0.000282937230626996	g4	PFKFB3
1.57748397621979e-08	0.679728551169936	0.019	0.012	0.000305574421033535	g4	TLE4
1.66163652891557e-08	0.496341645136396	0.039	0.029	0.000321875612016235	g4	H2AFJ
1.71036697655638e-08	0.850225904643684	0.012	0.006	0.000331315187028737	g4	RIC8A
1.74646129584402e-08	0.832985172897825	0.012	0.007	0.000338307017617945	g4	CCDC101
1.78158437479529e-08	0.475884775653234	0.035	0.025	0.000345110709241595	g4	RBCK1
2.01150275420323e-08	0.597845891274555	0.024	0.016	0.000389648198516707	g4	IFNGR1
2.01158094458251e-08	0.754841678516881	0.015	0.009	0.000389663344775077	g4	ATP1B3
2.05250802303913e-08	3.51198515462072	0.001	0	0.000397591329142911	g4	COLEC12
2.12312876034122e-08	0.436991665332594	0.044	0.033	0.000411271272165698	g4	KLRC4
2.1509012193403e-08	0.27467556184707	0.102	0.085	0.00041665107519841	g4	PCBP1
2.20480742221798e-08	1.23842008129475	0.006	0.002	0.000427093245757845	g4	B4GALT7
2.21260329692172e-08	3.80476690384856	0.001	0	0.000428603384646706	g4	PALD1
2.24709399525913e-08	0.515631087925526	0.03	0.021	0.000435284577821646	g4	LAMP1
2.29486634508387e-08	0.235370844480705	0.134	0.114	0.000444538559706196	g4	LEPROTL1
2.37434610182791e-08	1.07248241500114	0.007	0.004	0.000459934583385084	g4	LOC613037
2.6070823952264e-08	0.673348142559606	0.017	0.011	0.000505017930779305	g4	ELAVL1
2.70134448187774e-08	2.05630567084453	0.002	0.001	0.000523277439584536	g4	IL1RAP
2.76653983776983e-08	1.85990845804102	0.002	0.001	0.000535906431974393	g4	STRADB
2.88860236181508e-08	0.746715910520408	0.015	0.009	0.000559551163507199	g4	DDRGK1
2.9411181040775e-08	0.470707201393262	0.034	0.024	0.000569723987940853	g4	CMPK1
3.01582501775431e-08	0.694849211770528	0.017	0.01	0.000584195464189188	g4	GLS
3.12600959434642e-08	1.48926507812063	0.004	0.001	0.000605539318520846	g4	ZNF846
3.22744751252128e-08	2.19734955229971	0.002	0	0.000625188857650497	g4	RBM47
3.28260143951788e-08	0.719110819303855	0.015	0.009	0.000635872724849008	g4	FASLG
3.35185552059423e-08	0.450700037564379	0.039	0.029	0.000649287932894308	g4	BHLHE40
3.58166710811307e-08	4.64126817156568	0	0	0.000693804735512582	g4	HGF
3.71597594804015e-08	0.702244955016356	0.016	0.01	0.000719821700894858	g4	SNHG17
3.87458273717773e-08	1.24209707774586	0.005	0.002	0.000750545422018698	g4	USP53
4.22723462640294e-08	0.600048798941443	0.021	0.014	0.000818857619480514	g4	C6orf1
4.22726020363173e-08	1.14370142404161	0.006	0.003	0.000818862574045502	g4	NSMCE2
4.3366681590953e-08	1.79327126501073	0.003	0.001	0.00084005598909835	g4	TTYH3
4.34006925832287e-08	0.683865870879717	0.016	0.01	0.000840714816029724	g4	ADRB2
4.41872709633281e-08	0.300790156872034	0.09	0.075	0.000855951625830628	g4	CTSD
4.44108847356052e-08	5.31934007667832	0	0	0.000860283248213409	g4	LOC102723726
4.44108847356052e-08	5.31934007667832	0	0	0.000860283248213409	g4	THAP10
4.61120032839131e-08	1.71667557422371	0.003	0.001	0.00089323561561268	g4	NAIP
4.70491378655438e-08	1.00492603544826	0.008	0.004	0.000911388849593448	g4	C6orf99
4.79404497751525e-08	2.36824967715927	0.002	0	0.000928654452594479	g4	BCAT1
4.820637027556e-08	0.345077638091929	0.055	0.043	0.000933805598607873	g4	RUNX3
4.99760008327335e-08	0.603950017071258	0.021	0.014	0.00096808511213088	g4	GRK6
5.12671950612931e-08	0.511985154620717	0.028	0.019	0.000993096835532308	g4	SNRPA1
5.23643475050307e-08	0.545702809568227	0.025	0.017	0.00101434977551995	g4	WTAP
5.300512651479e-08	0.25251406036286	0.114	0.096	0.001026762305718	g4	CD44
5.54537483263518e-08	0.450375740659939	0.039	0.029	0.00107419455882976	g4	G3BP2
5.77414323195877e-08	0.521106544589266	0.028	0.02	0.00111850928546273	g4	IRF7
5.85052296951527e-08	0.607733932506231	0.021	0.014	0.0011333048044248	g4	STXBP2
5.92771324376352e-08	0.901396846224067	0.01	0.005	0.00114825733244943	g4	SFI1
6.52578527997397e-08	0.399534390595254	0.046	0.035	0.00126410986658376	g4	SUN2
6.66827361740111e-08	0.601299143379589	0.02	0.013	0.00129171128242677	g4	FLJ10038
7.43908840692342e-08	2.42625528059483	0.001	0	0.00144102581530513	g4	LOC100506753
7.44085003487905e-08	0.730683092399423	0.014	0.008	0.00144136706025642	g4	BLOC1S4
7.57332103235145e-08	1.06195223398567	0.007	0.003	0.0014670280171768	g4	SPTLC2
7.58544045627514e-08	2.94082845342459	0.001	0	0.00146937567078506	g4	FPR3
7.81434244004238e-08	1.01731153922866	0.008	0.004	0.00151371627406061	g4	HEXDC
8.30950926139209e-08	0.637516036704576	0.018	0.012	0.00160963503902426	g4	PIN4
8.56992600857227e-08	1.68191015606303	0.003	0.001	0.00166008036712053	g4	HLA-DPB2
8.57537482992118e-08	1.27892580823241	0.005	0.002	0.00166113585830403	g4	PLXDC1
8.66083009809392e-08	0.9495456705257	0.009	0.005	0.00167768939830177	g4	FAM53C
9.33006112400352e-08	0.775019560454511	0.013	0.008	0.00180732614033072	g4	SIRT7
9.3862750336396e-08	0.592716426733574	0.02	0.013	0.00181821533676633	g4	PITPNC1
9.66721363025155e-08	0.247328831762933	0.065	0.052	0.00187263595231603	g4	LAG3
9.87224030370614e-08	0.854454027948916	0.01	0.006	0.00191235166923092	g4	EPS8L2
1.01654912448335e-07	0.761344623557434	0.013	0.007	0.0019691573090367	g4	NCF1C
1.0194762901618e-07	0.516000450952938	0.027	0.019	0.00197482752167241	g4	ATF4
1.02877895536856e-07	0.978046656924028	0.008	0.004	0.00199284771444443	g4	MCOLN2
1.04320981741823e-07	3.48926507812063	0.001	0	0.00202080173732085	g4	SDS
1.04729263741428e-07	0.47700053442677	0.031	0.022	0.0020287105679352	g4	MAGOH
1.08512661021181e-07	0.711739772277434	0.015	0.009	0.00210199875664129	g4	TMEM259
1.12346724123504e-07	1.10783597148461	0.006	0.003	0.0021762683929964	g4	APOBEC3D
1.14829294958347e-07	1.77501956045451	0.002	0.001	0.00222435827263814	g4	SLC29A3
1.19365439038867e-07	0.946530812788775	0.008	0.004	0.00231222791962189	g4	FAM105A
1.21552423675449e-07	0.538336481567669	0.024	0.016	0.00235459199901711	g4	FAM195B
1.23364607859991e-07	1.97141677325802	0.002	0.001	0.00238969581885588	g4	CCDC152
1.26654946232819e-07	1.56801918953505	0.003	0.001	0.00245343296347593	g4	CREG1
1.2844036812493e-07	0.466342489065005	0.034	0.025	0.00248801837094801	g4	SUPT3H
1.30150300215629e-07	0.335770421175732	0.061	0.049	0.00252114146547696	g4	C19orf60
1.31885548598321e-07	0.699188147494865	0.014	0.009	0.00255475496189808	g4	SKIL
1.33151593828397e-07	0.806589639455381	0.011	0.006	0.00257927952404987	g4	CLECL1
1.39850670959948e-07	0.730711258759395	0.014	0.008	0.00270904734716516	g4	NMRAL1
1.42946257400608e-07	0.658908330701414	0.019	0.012	0.00276901195210718	g4	GLUD1
1.44781272147622e-07	1.15244276793358	0.006	0.003	0.00280455802277159	g4	BCKDK
1.46850211532341e-07	0.723808334246979	0.014	0.009	0.00284463544759298	g4	FASTK
1.52416983945984e-07	3.90430257739948	0.001	0	0.00295246939601765	g4	AXL
1.53914600910939e-07	1.85990845804102	0.001	0	0.0029814797342458	g4	GATM
1.55212139160761e-07	0.616999156802538	0.019	0.012	0.0030066143476831	g4	CHCHD7
1.5656081371979e-07	0.840907496110968	0.01	0.006	0.00303273952256604	g4	DRG2
1.61681196941309e-07	3.54173249801477	0.001	0	0.00313192646595009	g4	MAMDC2
1.71418286145343e-07	1.12341986670307	0.006	0.003	0.00332054362092144	g4	CACUL1
1.7215340267053e-07	0.985098720352107	0.007	0.004	0.00333478356313084	g4	LOC101927156
1.73526149509947e-07	0.645501020687882	0.017	0.011	0.00336137504215719	g4	MAZ
1.77706217324399e-07	0.32957840630773	0.064	0.051	0.00344234713579094	g4	ARHGEF1
1.8182327246875e-07	1.87876748529234	0.002	0.001	0.00352209861099216	g4	KLF7
1.85579116663012e-07	0.525790954145748	0.026	0.018	0.0035948530688792	g4	PRMT1
1.92487306448639e-07	0.450584609956573	0.034	0.025	0.00372867161321658	g4	MFSD10
1.9456430773478e-07	1.60313304267891	0.003	0.001	0.00376890520513042	g4	SLC11A2
2.17282061197804e-07	0.976947879231242	0.007	0.004	0.00420897080746266	g4	EGLN2
2.23311984350114e-07	2.37592360504469	0.001	0	0.00432577644884605	g4	LOC102724098
2.43035366312479e-07	0.681350212318027	0.015	0.009	0.00470783808083904	g4	GLOD4
2.53214355384869e-07	0.815108848070023	0.01	0.006	0.0049050152781603	g4	SEC14L1
2.59830259117153e-07	0.461879190325554	0.031	0.022	0.00503317194935836	g4	RAC1
2.60564096857728e-07	0.788825359979541	0.011	0.007	0.00504738712023105	g4	RUNX1
2.6631510452716e-07	0.289396722925574	0.079	0.065	0.00515878988979562	g4	RABAC1
2.77000771485107e-07	0.805460674018648	0.011	0.006	0.005365781944438	g4	PFKP
2.79438314807273e-07	1.13103654592116	0.006	0.003	0.00541299959613168	g4	APOBEC3F
2.93726337333271e-07	0.342459161683005	0.06	0.048	0.0056897728804828	g4	HLA-G
3.04859277444865e-07	0.618900358537229	0.017	0.011	0.00590542906338449	g4	SHARPIN
3.06194950604456e-07	0.530673175525494	0.024	0.017	0.00593130238815891	g4	PNPLA2
3.06312600716523e-07	0.903175911945193	0.009	0.005	0.00593358138847976	g4	SGSM3
3.15743142827144e-07	0.652276495742272	0.016	0.01	0.00611626041970461	g4	HAGH
3.16655821517539e-07	0.392356293930313	0.035	0.026	0.00613393991861624	g4	FABP5
3.23410775526378e-07	1.13103654592116	0.006	0.003	0.00626479013272146	g4	DPYSL2
3.23934245767361e-07	0.620969727824693	0.017	0.011	0.00627493027475954	g4	HLA-L
3.28791642149469e-07	0.757148883615824	0.014	0.009	0.00636902290007736	g4	OSM
3.32246871397614e-07	0.582374482512115	0.02	0.014	0.00643595414584318	g4	NFE2L2
3.41225508999357e-07	0.709386897079464	0.013	0.008	0.00660987933482655	g4	COMT
3.61576601503985e-07	0.51479834051221	0.024	0.016	0.00700410034773369	g4	JMJD1C
3.62278491718621e-07	1.59849414787539	0.003	0.001	0.00701769666308141	g4	LY86
3.6877601013405e-07	0.53255536110347	0.024	0.017	0.00714356009230668	g4	SERINC1
3.74759869114448e-07	0.700430244033828	0.014	0.009	0.00725947342461596	g4	RNF138
3.87547787153649e-07	0.954575783880702	0.008	0.004	0.00750718818495334	g4	ATP6V1B2
3.89190160356248e-07	0.782817931014918	0.011	0.007	0.00753900259626088	g4	PTOV1
3.94486399345702e-07	1.47912052071509	0.003	0.001	0.0076415960417256	g4	MPP1
3.98104785595796e-07	0.378600350676281	0.044	0.034	0.00771168780177617	g4	MRPL41
3.98541172672522e-07	1.16179879969184	0.005	0.002	0.00772014105583942	g4	KIF21B
4.19526634216412e-07	0.660541695129001	0.016	0.01	0.00812665043140611	g4	NUTM2B-AS1
4.28672146028857e-07	0.734377575957165	0.013	0.008	0.00830380814072499	g4	NLRC5
4.3106525820648e-07	1.140369935633	0.006	0.003	0.00835016511671773	g4	MAP3K6
4.32947326925063e-07	0.547099007764585	0.022	0.015	0.00838662266986539	g4	MRPL10
4.33620517765554e-07	1.44897535709492	0.003	0.001	0.00839966304963654	g4	PLEKHO2
4.52401079296929e-07	2.60884669387331	0.001	0	0.00876346130706082	g4	HIC2
4.54433717547946e-07	0.139177713498776	0.269	0.244	0.00880283554262126	g4	HSPA1B
4.71870594962089e-07	0.910997229973486	0.008	0.004	0.00914060529501062	g4	ID1
4.7258298975093e-07	0.701879218083539	0.013	0.008	0.00915440509446528	g4	GEM
4.77533404001522e-07	0.378759674525498	0.047	0.036	0.00925029956891348	g4	SIGIRR
4.80036375825314e-07	0.377615536093891	0.043	0.033	0.00929878463611217	g4	C5orf56
4.81706206452747e-07	0.9338118195622	0.008	0.004	0.00933113092519616	g4	AP4B1
4.8982958759848e-07	0.500012512954641	0.026	0.018	0.00948848894137015	g4	HIF1A
4.96281046324898e-07	0.403366376307364	0.04	0.031	0.00961346014835959	g4	NDUFS7
5.10169260992684e-07	0.828592917574816	0.006	0.003	0.00988248875468928	g4	MT1G
5.15503143009284e-07	0.752134046761323	0.012	0.007	0.00998581138323285	g4	DNM2
5.31548126508167e-07	0.255303084348793	0.087	0.073	0.0102966187585897	g4	ID2
5.43710041098632e-07	1.80476690384856	0.002	0.001	0.0105322072061216	g4	ARG2
5.48786298609004e-07	0.302469602520459	0.067	0.054	0.010630539390355	g4	TSPO
5.50674842211246e-07	1.03205812459785	0.006	0.003	0.010667122368474	g4	MARS
5.72896620709138e-07	0.639284695796863	0.017	0.011	0.0110975804397567	g4	DNAJC4
5.7679357375284e-07	0.674208357043211	0.024	0.017	0.0111730683171663	g4	PPP1R2P9
5.94178450065496e-07	0.560348176182116	0.019	0.013	0.0115098307562187	g4	PTPRA
5.99227670175755e-07	0.726038275044436	0.012	0.007	0.0116076391989746	g4	TIPARP
6.13552327183543e-07	0.694537311425374	0.013	0.008	0.0118851221298724	g4	RAB18
6.45070253131906e-07	0.723960960011827	0.012	0.007	0.0124956558734182	g4	FAM159A
6.62353340420033e-07	1.29114318484767	0.004	0.002	0.0128304465572765	g4	SIRT1
6.65373206644093e-07	0.936870439855908	0.007	0.004	0.0128889443859027	g4	DUSP22
6.82893759544665e-07	1.20134286727987	0.005	0.002	0.0132283350161397	g4	RAVER1
7.10346785375445e-07	0.468428788633978	0.028	0.02	0.0137601275795077	g4	GNAS
7.48800516558245e-07	1.00690343076826	0.006	0.003	0.0145050148062498	g4	RNF130
7.49104355379286e-07	0.827486980348646	0.009	0.005	0.0145109004680521	g4	CCNB1IP1
7.82287475828798e-07	0.538952202220986	0.023	0.016	0.0151536906942797	g4	TRA2A
7.85300517270717e-07	1.69315491323065	0.002	0.001	0.0152120563200511	g4	LOC101928576
7.85700360968541e-07	0.581152377364162	0.019	0.013	0.0152198016923216	g4	C17orf89
7.8883570648038e-07	1.73437757595717	0.002	0.001	0.0152805364702314	g4	LRP1
8.02488302902534e-07	1.18631465804754	0.005	0.002	0.015545000915525	g4	MRGBP
8.06529517778942e-07	0.702137238956958	0.013	0.008	0.0156232832888959	g4	PSMG4
8.10081698016639e-07	2.31934007667832	0.001	0	0.0156920925722803	g4	GAPT
8.16187955220428e-07	1.08572039991862	0.006	0.003	0.0158103768805749	g4	ABHD5
8.17204249637202e-07	0.485245306668296	0.027	0.019	0.0158300635197222	g4	PELO
8.24419797020132e-07	2.1387678310365	0.002	0	0.015969835888077	g4	HLA-DOA
8.42440223174042e-07	1.4124494810698	0.003	0.001	0.0163189095631044	g4	PLEKHG2
8.46380249366373e-07	3.31934007667832	0.001	0	0.016395231810476	g4	EPHX1
8.46636443765392e-07	3.14941507523601	0.001	0	0.0164001945521794	g4	DNAAF1
8.80757665514661e-07	0.418755370151492	0.034	0.026	0.0170611567386845	g4	SBDS
8.90791836938372e-07	0.970611922447244	0.007	0.004	0.0172555286733332	g4	NUDT16
8.94910117126431e-07	0.389242089908477	0.035	0.026	0.0173353038788561	g4	BCL3
9.27462697395877e-07	1.04454595738205	0.006	0.003	0.0179658799112555	g4	MPHOSPH6
9.32406606737349e-07	0.779701566466656	0.01	0.006	0.0180616483791092	g4	RHEBP2
9.53113132015177e-07	4.54173249801477	0	0	0.018462754480266	g4	LINC00472
9.53383952781709e-07	4.05630567084453	0	0	0.0184680005493345	g4	PVRL2
9.53383952781709e-07	4.05630567084453	0	0	0.0184680005493345	g4	AGBL4
9.53383952781709e-07	4.05630567084453	0	0	0.0184680005493345	g4	TMEM236
9.78861847919142e-07	0.238829996069749	0.088	0.074	0.0189615328560417	g4	GSTP1
9.96443103054361e-07	0.48945612560034	0.025	0.018	0.019302099349266	g4	SF3A2
9.97363497952241e-07	0.732132135751521	0.011	0.007	0.0193199283188329	g4	CRELD2
1.01171614401547e-06	0.642585100037675	0.015	0.009	0.0195979534257237	g4	HDAC10
1.01373830922333e-06	0.416690032217021	0.034	0.026	0.0196371247879651	g4	RAB11B
1.01949870729277e-06	0.948777206540083	0.007	0.004	0.0197487094589682	g4	TOMM40
1.0225521404874e-06	0.467311416104321	0.028	0.021	0.0198078575133814	g4	IFRD1
1.02322313844964e-06	1.01215856716014	0.006	0.003	0.0198208554149079	g4	PAN3
1.06861082728089e-06	0.877269618702461	0.008	0.004	0.0207000603352582	g4	RCOR3
1.07355631599589e-06	1.75746118907021	0.002	0.001	0.0207958593971563	g4	LOC102724159
1.0972233132498e-06	1.2403887352835	0.004	0.002	0.0212543128009619	g4	HIATL2
1.10193875948614e-06	0.563838531074688	0.019	0.013	0.0213456557100061	g4	FAM50A
1.10395593027516e-06	0.423863999400074	0.033	0.025	0.0213847303253601	g4	AURKAIP1
1.1137885331595e-06	0.687071861178809	0.013	0.008	0.0215751976758327	g4	TMEM120A
1.11458823285488e-06	0.514946554991824	0.022	0.016	0.0215906886586318	g4	ADSS
1.19550174618239e-06	0.413005540063346	0.034	0.025	0.0231580643252991	g4	LMNA
1.20827373937594e-06	1.20386285925839	0.004	0.002	0.0234054706054514	g4	EAF1
1.22863026483943e-06	0.354049105421926	0.05	0.039	0.0237997968602047	g4	IL10RA
1.24104317992988e-06	0.430694072604467	0.033	0.025	0.0240402474384217	g4	RPS19BP1
1.26480141080869e-06	0.916111879689111	0.007	0.004	0.0245004681287751	g4	SLC25A24
1.2729909422494e-06	0.463102285813048	0.027	0.02	0.0246591075423131	g4	MAF
1.27314177368293e-06	3.58237448251212	0.001	0	0.024662029298012	g4	SLC10A1
1.27314177368293e-06	3.58237448251212	0.001	0	0.024662029298012	g4	MMP14
1.27314177368293e-06	3.58237448251212	0.001	0	0.024662029298012	g4	LOC102724905
1.27421511280063e-06	0.275284896600386	0.069	0.056	0.024682820950061	g4	APOBEC3G
1.29893875506763e-06	0.708614479892083	0.012	0.007	0.0251617426244152	g4	LYSMD2
1.3060107171201e-06	1.07141256323474	0.006	0.003	0.0252987336013335	g4	POMZP3
1.35045246118748e-06	0.388414549227885	0.04	0.031	0.0261596146256626	g4	DNAJB6
1.42774357809834e-06	1.05130498978616	0.006	0.003	0.0276568208513429	g4	MAN1A1
1.42920977437396e-06	1.65307747385532	0.002	0.001	0.027685222539398	g4	SRGAP2
1.44406895899223e-06	1.09484613269659	0.005	0.002	0.0279730598046385	g4	LTC4S
1.44609334019343e-06	1.11237769591148	0.005	0.002	0.0280122740928869	g4	CCDC94
1.44891748278169e-06	1.78328717643811	0.002	0.001	0.0280669805589642	g4	SLAMF8
1.46037145699961e-06	0.441181199613119	0.03	0.022	0.0282888554935395	g4	KTN1
1.47782816061861e-06	1.69130885406528	0.002	0.001	0.0286270092993431	g4	CHUK
1.49666639907472e-06	0.50726583395546	0.023	0.017	0.0289919248164763	g4	GYG1
1.49745882285661e-06	0.378213566849981	0.04	0.031	0.0290072748575553	g4	ATP6V1F
1.5006949881276e-06	1.16406185120041	0.005	0.002	0.0290699626150197	g4	QDPR
1.56357395866802e-06	2.78882535997954	0.001	0	0.0302879911533582	g4	ADRA2B
1.56357395866802e-06	2.78882535997954	0.001	0	0.0302879911533582	g4	PRRG4
1.56405140592509e-06	2.68191015606303	0.001	0	0.0302972397841749	g4	CLEC5A
1.58056212877161e-06	0.382988310487573	0.041	0.032	0.0306170689964348	g4	PDCD1
1.59588890021734e-06	0.383906741942135	0.038	0.029	0.03091396388611	g4	ARF4
1.7072942658367e-06	0.721993851501333	0.012	0.008	0.0330719972235227	g4	ASAH1
1.7357187916935e-06	1.01817054195776	0.006	0.003	0.0336226087138947	g4	RUVBL2
1.73769058436276e-06	0.403318469317675	0.036	0.027	0.033660804309691	g4	MGST3
1.77150489557341e-06	1.07422757884179	0.006	0.003	0.0343158213321526	g4	SLC27A3
1.8221644114127e-06	0.427153428566871	0.033	0.025	0.0352971468134755	g4	BTG3
1.87684031643479e-06	0.625443204404002	0.015	0.009	0.0363562737696583	g4	IMP4
1.92051298048644e-06	0.751834773033711	0.01	0.006	0.0372022569450028	g4	BBC3
1.94164408337411e-06	0.303506202644668	0.063	0.051	0.0376115875390399	g4	PVRIG
2.0254783281041e-06	2.45684360042826	0.001	0	0.0392355406937046	g4	CYFIP1
2.03118431186077e-06	0.500366071353883	0.023	0.016	0.0393460713050549	g4	TMUB1
2.03707726921664e-06	0.816839736149139	0.009	0.005	0.0394602237819955	g4	ANKZF1
2.08184014199448e-06	0.631471118067012	0.014	0.009	0.0403273253905752	g4	COMTD1
2.10522153300412e-06	1.01614854437254	0.006	0.003	0.0407802463158228	g4	NAF1
2.13711782282806e-06	1.22568096946408	0.004	0.002	0.0413981093460024	g4	PCNXL2
2.19381557878908e-06	0.575831636645344	0.018	0.012	0.0424964015767232	g4	MIB2
2.20989451538217e-06	0.522989746809528	0.02	0.014	0.0428078666574681	g4	RPAIN
2.22408837893698e-06	1.22103800306652	0.004	0.002	0.0430828159883883	g4	USP21
2.24550645257335e-06	1.97232100082813	0.002	0	0.0434977054927983	g4	CXCL10
2.28384598499799e-06	0.294699623717358	0.061	0.049	0.0442403805753961	g4	PARP8
2.30072197030231e-06	0.479236572281005	0.024	0.017	0.0445672852867261	g4	A1BG
2.35641089572788e-06	1.28281420065321	0.004	0.002	0.0456460354611447	g4	ZNF525
2.41724834472921e-06	0.232829138137727	0.103	0.089	0.0468245176857496	g4	RNASEK
2.42289207949058e-06	0.447648043432753	0.028	0.02	0.046933842471812	g4	UFM1
2.43631569482446e-06	1.2887517568449	0.004	0.002	0.0471938713244445	g4	ZNF574
2.44449609509287e-06	0.644740363472488	0.014	0.009	0.047352333858044	g4	UBE2W
2.44662015782678e-06	2.31934007667832	0.001	0	0.0473934790772626	g4	AQP9
2.53535982506618e-06	0.666994646738274	0.013	0.008	0.0491124551713569	g4	CPNE7
2.54909390974602e-06	1.09914186875478	0.005	0.002	0.0493784981256902	g4	MBD2
2.553970136626e-06	1.84540888834591	0.002	0.001	0.0494729555165822	g4	GAS6
