p_val	avg_log2FC	pct.1	pct.2	p_val_adj	cluster	gene
1.00034769506577e-103	9.86955475558852	0.005	0	1.9377735201119e-99	g14	MEF2C-AS1
1.00034769506577e-103	9.86955475558852	0.005	0	1.9377735201119e-99	g14	KCNQ2
1.41260841087895e-52	8.86955475558852	0.005	0	2.73636375271362e-48	g14	THRB
1.41260841087895e-52	8.86955475558852	0.005	0	2.73636375271362e-48	g14	DGKG
1.41260841087895e-52	8.86955475558852	0.005	0	2.73636375271362e-48	g14	ZHX1-C8orf76
1.41260841087895e-52	8.86955475558852	0.005	0	2.73636375271362e-48	g14	LOC101929188
2.54519408059942e-52	0.459763438622006	0.908	0.363	4.93029545352914e-48	g14	CCL4
4.69301677045469e-43	0.813566348204815	0.986	0.868	9.09084278604779e-39	g14	RPS12
2.84476940904873e-39	0.790732950209736	0.982	0.845	5.51060282226829e-35	g14	RPL13
4.38832527314588e-36	0.686295437021907	0.991	0.888	8.50062488661087e-32	g14	RPL28
1.72803870326367e-35	8.28459225486736	0.005	0	3.34738377209206e-31	g14	PMS2P4
1.72803870326367e-35	8.28459225486736	0.005	0	3.34738377209206e-31	g14	TEKT4
4.31105532354502e-35	0.876024250918077	0.931	0.711	8.35094526723907e-31	g14	RPL18A
1.69001484783972e-32	0.570140869317221	0.995	0.95	3.27372776175032e-28	g14	RPS27
3.61649367190623e-30	6.75407753816858	0.009	0	7.00550989184957e-26	g14	PTGER4P2-CDK2AP2P2
1.07377908146555e-29	0.884779245520452	0.871	0.603	2.08001745870691e-25	g14	RPL36
1.43201102375337e-29	0.628739007729729	0.986	0.913	2.77394855411265e-25	g14	RPL10
4.23637179773303e-29	0.509874540602111	0.995	0.969	8.20627580938865e-25	g14	RPL41
7.98280891778789e-28	0.606919444091303	0.972	0.875	1.54634991546469e-23	g14	RPS15A
1.43618082985363e-27	0.677445993556721	0.954	0.793	2.78202588550947e-23	g14	RPL32
1.67462752131801e-27	0.655711070579916	0.954	0.838	3.24392097154511e-23	g14	RPL39
2.45050854311471e-27	0.940201551163244	0.848	0.587	4.7468800988675e-23	g14	RPS8
6.30295354885615e-27	7.86955475558852	0.005	0	1.22094513194892e-22	g14	OR2L13
6.30295354885615e-27	7.86955475558852	0.005	0	1.22094513194892e-22	g14	ZBTB46-AS1
1.18141211658008e-26	2.03847376365565	0.253	0.07	2.28851341102728e-22	g14	RPS18P9
1.28954264723206e-26	0.759394440398187	0.931	0.768	2.49797306195322e-22	g14	RPL11
1.8371663293432e-25	1.01056570519164	0.742	0.455	3.55877489657071e-21	g14	RPLP0
1.01839509136612e-24	5.69962975414621	0.014	0	1.97273313148532e-20	g14	HSD17B1
2.7695691124577e-24	0.726215707389487	0.912	0.742	5.3649323277418e-20	g14	RPS18
3.85456207975388e-23	0.672022722864049	0.935	0.77	7.46667220469124e-19	g14	RPL19
7.01303740274393e-22	5.00165829159586	0.018	0.001	1.35849547528553e-17	g14	FCER2
8.86209758347507e-22	7.54762666070116	0.005	0	1.71667692289495e-17	g14	SNORA33
8.86209758347507e-22	7.54762666070116	0.005	0	1.71667692289495e-17	g14	SLC15A2
2.90543942406334e-21	0.672478511762154	0.912	0.68	5.6281267083531e-17	g14	RPS21
9.35173553089931e-21	0.969912827717645	0.682	0.424	1.81152468969051e-16	g14	RPS5
2.28618925287313e-20	6.13258916142231	0.009	0	4.42857720174054e-16	g14	CNR2
1.93710082434485e-19	0.516894243585379	0.982	0.898	3.75235800683841e-15	g14	RPLP1
3.29880184172795e-19	1.31713355446919	0.447	0.214	6.39010904761121e-15	g14	RPL36A
1.39479848329786e-18	0.576017308646061	0.954	0.835	2.70186414199629e-14	g14	RPL30
2.6867179182748e-18	0.77125107504077	0.77	0.54	5.20444127949012e-14	g14	RPL18
6.546735405694e-18	5.93095530025266	0.009	0	1.26816811543698e-13	g14	ARRDC5
8.13918411440304e-18	5.19148285047588	0.014	0	1.57664135480101e-13	g14	APOD
1.37574203449582e-17	0.533488946719639	0.949	0.795	2.66494989502185e-13	g14	RPS3
2.46693066180118e-17	0.717244128846287	0.793	0.624	4.77869138497507e-13	g14	RPS7
3.19646775575378e-17	5.86955475558852	0.009	0	6.19187768967065e-13	g14	CDHR1
3.76809896296783e-17	1.00320800529559	0.516	0.267	7.29918450116498e-13	g14	EEF1B2
6.46102127458191e-17	0.692135217599283	0.816	0.587	1.25156443109926e-12	g14	RPS25
7.75099555717485e-17	0.74278784418186	0.788	0.532	1.50144534938034e-12	g14	RPL8
2.39403100398503e-16	2.67690967764612	0.06	0.008	4.63747745781939e-12	g14	MS4A1
2.45504774008279e-16	0.534932293175554	0.935	0.799	4.75567297731438e-12	g14	RPS19
6.71894763410499e-16	0.629385632338259	0.857	0.636	1.30152734620248e-11	g14	RPS3A
7.0513642936818e-16	7.06219983353092	0.005	0	1.3659197773291e-11	g14	C21orf67
7.0513642936818e-16	7.06219983353092	0.005	0	1.3659197773291e-11	g14	TRIP13
7.0560167301816e-16	6.86955475558852	0.005	0	1.36682100080348e-11	g14	MT1H
8.57423130258865e-16	0.776335927628334	0.7	0.458	1.66091434562445e-11	g14	RPL5
1.34334305088246e-15	0.635471829222772	0.82	0.626	2.60218982386442e-11	g14	RPL12
1.4452555686797e-15	1.0691415804011	0.493	0.261	2.79960456208945e-11	g14	DUSP2
2.29319324976144e-15	0.537185866370837	0.889	0.714	4.44214464411289e-11	g14	RPS15
6.97991019134687e-15	0.570263277487668	0.885	0.749	1.3520784031658e-10	g14	RPL34
1.83833681913733e-14	0.721721114731868	0.756	0.545	3.56104225235093e-10	g14	RPS13
4.99180040195357e-14	6.86955475558852	0.005	0	9.66961655862426e-10	g14	LOC101927121
4.99180040195357e-14	6.86955475558852	0.005	0	9.66961655862426e-10	g14	GCAT
4.99180040195357e-14	6.86955475558852	0.005	0	9.66961655862426e-10	g14	LOC102724714
4.99180040195357e-14	6.86955475558852	0.005	0	9.66961655862426e-10	g14	C20orf197
4.99180040195357e-14	6.86955475558852	0.005	0	9.66961655862426e-10	g14	CNIH2
4.99180040195357e-14	6.86955475558852	0.005	0	9.66961655862426e-10	g14	LOC102723408
5.99039507952276e-14	0.636863667457835	0.793	0.575	1.16039943085435e-09	g14	RPL29
1.3002536184578e-13	2.83528485350377	0.051	0.007	2.51872128431461e-09	g14	CD79A
1.33887193901488e-13	5.5003209459228	0.009	0	2.59352883306573e-09	g14	BCL11A
1.87410994717128e-13	0.544467497749328	0.857	0.681	3.63033837866549e-09	g14	RPS23
7.75289398514622e-13	5.41012313695122	0.009	0	1.50181309386267e-08	g14	IDI2-AS1
1.38058860953487e-12	6.69962975414621	0.005	0	2.67433819552999e-08	g14	LOC102723506
1.38058860953487e-12	6.69962975414621	0.005	0	2.67433819552999e-08	g14	LOC257396
1.38058860953487e-12	6.69962975414621	0.005	0	2.67433819552999e-08	g14	LRP11
1.8905015477669e-12	0.648412005707972	0.719	0.527	3.66209054817926e-08	g14	RPL6
1.48834125299935e-11	0.920552039830006	0.631	0.443	2.88306584118504e-07	g14	FXYD5
1.91712635194009e-11	0.571441156542735	0.747	0.562	3.71366545634315e-07	g14	RPL3
1.97626241201089e-11	6.54762666070116	0.005	0	3.8282179183063e-07	g14	ANKRD6
1.97626241201089e-11	6.54762666070116	0.005	0	3.8282179183063e-07	g14	NUMBL
1.97626241201089e-11	6.54762666070116	0.005	0	3.8282179183063e-07	g14	GAB1
1.97991496831049e-11	3.96266415998	0.005	0	3.83529328511425e-07	g14	MIR650
2.86166486594825e-11	5.20658974286609	0.009	0	5.54333101182835e-07	g14	CHAC2
3.57663163868492e-11	4.00165829159586	0.018	0.001	6.92829314729655e-07	g14	LINC00926
4.05191738535927e-11	0.583334672293625	0.788	0.615	7.84896916717943e-07	g14	FAU
5.28974881300165e-11	5.16911503744743	0.009	0	1.02467724256655e-06	g14	LOC100507616
9.49199750461305e-11	5.13258916142231	0.009	0	1.83869483661859e-06	g14	LOC101927840
1.75140127619801e-10	6.41012313695122	0.005	0	3.39263941212317e-06	g14	TUBA3FP
1.75140127619801e-10	6.41012313695122	0.005	0	3.39263941212317e-06	g14	ACE
1.75140127619801e-10	6.41012313695122	0.005	0	3.39263941212317e-06	g14	B3GNT8
1.75140127619801e-10	6.41012313695122	0.005	0	3.39263941212317e-06	g14	FAM86B2
1.75140127619801e-10	6.41012313695122	0.005	0	3.39263941212317e-06	g14	SNORA44
1.86894046597095e-10	0.566303701553453	0.765	0.601	3.62032457663233e-06	g14	RPL7A
1.08288582020157e-09	6.28459225486736	0.005	0	2.09765812231247e-05	g14	OSBPL1A
1.08288582020157e-09	6.28459225486736	0.005	0	2.09765812231247e-05	g14	FCRL1
1.88827230193282e-09	4.93095530025266	0.009	0	3.65777227607407e-05	g14	SRR
2.42736080248075e-09	0.442022885682835	0.853	0.761	4.70204061048547e-05	g14	RPS27A
5.07444551112706e-09	6.16911503744743	0.005	0	9.82970839960423e-05	g14	LOC101928524
5.07444551112706e-09	6.16911503744743	0.005	0	9.82970839960423e-05	g14	TFR2
5.07444551112706e-09	6.16911503744743	0.005	0	9.82970839960423e-05	g14	GDF9
5.07444551112706e-09	6.16911503744743	0.005	0	9.82970839960423e-05	g14	LOC101928948
5.15079457654552e-09	4.1553092379224	0.014	0.001	9.97760417422632e-05	g14	ZNF174
5.70495089590973e-09	2.51200275097044	0.046	0.009	0.000110510603804667	g14	HPCAL1
6.31938101328753e-09	0.704169164329513	0.502	0.325	0.000122412729608393	g14	RPL10A
6.49047214048181e-09	0.758228206387177	0.479	0.308	0.000125726935833273	g14	RPL22
9.41399128831262e-09	4.81066106653495	0.009	0	0.000182358425245904	g14	ZNF674-AS1
9.41399128831262e-09	4.81066106653495	0.009	0	0.000182358425245904	g14	TNFRSF13B
1.35399528913172e-08	4.78209191433818	0.009	0	0.000262282427457706	g14	MARS2
1.35399528913172e-08	4.78209191433818	0.009	0	0.000262282427457706	g14	LOC102724448
1.9120635429362e-08	6.06219983353092	0.005	0	0.000370385828902171	g14	SLC9A7
1.9120635429362e-08	6.06219983353092	0.005	0	0.000370385828902171	g14	DOCK9-AS2
1.9120635429362e-08	6.06219983353092	0.005	0	0.000370385828902171	g14	LOC100507547
1.9120635429362e-08	6.06219983353092	0.005	0	0.000370385828902171	g14	MOK
1.9120635429362e-08	6.06219983353092	0.005	0	0.000370385828902171	g14	LOC102725377
1.9120635429362e-08	6.06219983353092	0.005	0	0.000370385828902171	g14	BAIAP2L2
2.70472356857172e-08	0.522440516379669	0.705	0.538	0.000523932002468027	g14	RPL14
3.23550888961512e-08	0.415571894506137	0.802	0.677	0.000626750427007345	g14	RPS14
3.73652061761432e-08	0.431109413169458	0.843	0.735	0.000723801408838069	g14	RPS4X
4.22397744180888e-08	0.652808897393214	0.548	0.392	0.000818226670252799	g14	RPS9
4.96386222986045e-08	0.910982178037183	0.313	0.174	0.000961549752546268	g14	EEF1G
5.2157464731673e-08	2.99391509396444	0.028	0.004	0.00101034224931724	g14	MBTPS1
5.73567625836812e-08	0.444671363535894	0.76	0.608	0.00111105784800849	g14	RPL35A
6.05038506839255e-08	5.96266415998	0.005	0	0.00117202009159832	g14	PCDH9
6.05038506839255e-08	5.96266415998	0.005	0	0.00117202009159832	g14	HIST1H4L
6.05038506839255e-08	5.96266415998	0.005	0	0.00117202009159832	g14	CYP2F1
6.05038506839255e-08	5.96266415998	0.005	0	0.00117202009159832	g14	LOC102724466
6.05038506839255e-08	5.96266415998	0.005	0	0.00117202009159832	g14	PANO
7.96138836454085e-08	0.450440592138711	0.779	0.641	0.00154220054009521	g14	RPS24
1.007155596764e-07	1.52942648188793	0.129	0.05	0.00195096110649155	g14	RPSAP58
1.27888314822433e-07	0.404605742290979	0.825	0.674	0.00247732454642535	g14	RPL26
1.4244152866636e-07	0.527384479972196	0.654	0.49	0.00275923485179606	g14	RPLP2
1.48921045946281e-07	4.16911503744743	0.014	0.001	0.00288474958102541	g14	BOLA2B
1.61098751811866e-07	4.57187420694784	0.009	0.001	0.00312064392134766	g14	SCIMP
1.61098751811866e-07	4.57187420694784	0.009	0.001	0.00312064392134766	g14	PROCA1
1.66105890079213e-07	5.86955475558852	0.005	0	0.00321763719672443	g14	ZDHHC9
1.66105890079213e-07	5.86955475558852	0.005	0	0.00321763719672443	g14	CCDC106
1.66105890079213e-07	5.86955475558852	0.005	0	0.00321763719672443	g14	TEX22
1.66105890079213e-07	5.86955475558852	0.005	0	0.00321763719672443	g14	MYOM1
1.66105890079213e-07	5.86955475558852	0.005	0	0.00321763719672443	g14	GDPGP1
1.8748288232242e-07	0.532193505723472	0.272	0.143	0.0036317309134676	g14	CCL4L1
2.4077023877757e-07	1.96066180706885	0.018	0.002	0.00466396029536031	g14	IGLL5
2.61680472794717e-07	0.49243277755949	0.664	0.498	0.00506901243850646	g14	RPS6
2.71100116206869e-07	4.52377991874679	0.009	0.001	0.00525148035104325	g14	LOC102724024
4.05639198830225e-07	5.78209191433818	0.005	0	0.00785763692054028	g14	RRAGD
4.05639198830225e-07	5.78209191433818	0.005	0	0.00785763692054028	g14	GNRH1
4.05639198830225e-07	5.78209191433818	0.005	0	0.00785763692054028	g14	SLC30A4
4.05639198830225e-07	5.78209191433818	0.005	0	0.00785763692054028	g14	RIMS3
4.27854499602935e-07	0.799527444980275	0.355	0.217	0.00828796951180845	g14	RPL4
4.66738915303817e-07	3.79273915853769	0.014	0.001	0.00904119952835024	g14	C16orf62
6.99292051159312e-07	4.43214944328122	0.009	0.001	0.013545986323007	g14	AP4S1
7.73694752851159e-07	0.398867727077547	0.664	0.498	0.0149872410574798	g14	JUNB
8.42536113720134e-07	3.32111813089248	0.018	0.002	0.0163207670588727	g14	SEPT7P2
8.98417342294736e-07	5.69962975414621	0.005	0	0.0174032423375913	g14	SGSM1
8.98417342294736e-07	5.69962975414621	0.005	0	0.0174032423375913	g14	TET1
8.98417342294736e-07	5.69962975414621	0.005	0	0.0174032423375913	g14	NEFM
8.98417342294736e-07	5.69962975414621	0.005	0	0.0174032423375913	g14	UBAP1L
8.98417342294736e-07	5.69962975414621	0.005	0	0.0174032423375913	g14	ETNK2
8.98417342294736e-07	5.69962975414621	0.005	0	0.0174032423375913	g14	PRR29
8.98417342294736e-07	5.69962975414621	0.005	0	0.0174032423375913	g14	HMGN2P46
9.35859356062874e-07	2.75407753816858	0.023	0.003	0.0181285315862939	g14	NAPSB
1.03179415929771e-06	3.30273960157762	0.018	0.002	0.019986884659756	g14	PAPD5
1.13353462852056e-06	3.71980763608384	0.014	0.001	0.0219576992890718	g14	MROH1
1.38520610663804e-06	0.571661265803247	0.502	0.348	0.0268328274916855	g14	GNB2L1
1.54312854188185e-06	3.6797301967085	0.014	0.001	0.0298919429847934	g14	SLC38A6
1.75482614548917e-06	2.71980763608384	0.028	0.005	0.0339927372642708	g14	RWDD3
1.83256743703415e-06	5.62162724214493	0.005	0	0.0354986638227885	g14	LEF1-AS1
2.53495828714956e-06	3.14845556688133	0.014	0.001	0.0491046769803741	g14	TCL1A
