p_val	avg_log2FC	pct.1	pct.2	p_val_adj	cluster	gene
0	1.21258195987936	0.795	0.437	0	c2	FOS
0	1.13572359865716	0.791	0.453	0	c2	JUN
0	1.16837589079785	0.835	0.501	0	c2	JUNB
0	1.41467086624701	0.565	0.246	0	c2	IL7R
0	1.04482381380221	0.594	0.344	0	c2	DNAJB1
0	1.01582828199494	0.642	0.394	0	c2	ZFP36
0	1.02869769388698	0.596	0.355	0	c2	DUSP1
0	0.535181049479197	0.762	0.547	0	c2	RPS13
0	0.46513448133869	0.794	0.584	0	c2	RPS8
0	0.514328139611287	0.831	0.622	0	c2	RPS3A
0	0.512098816830686	0.804	0.597	0	c2	RPL36
0	0.719342153183194	0.565	0.375	0	c2	TSC22D3
0	0.509319833077745	0.937	0.75	0	c2	RPL11
0	0.451848586012314	0.739	0.552	0	c2	RPL3
0	0.478688335225511	0.645	0.46	0	c2	RPL5
0	1.02971878130237	0.41	0.225	0	c2	NFKBIA
0	0.555541373504714	0.778	0.594	0	c2	TPT1
0	0.44585273153639	0.757	0.573	0	c2	RPS25
0	0.516107574170148	0.914	0.732	0	c2	RPL34
0	0.756965388996978	0.59	0.409	0	c2	FTH1
0	0.430148209201201	0.773	0.593	0	c2	RPL35A
0	1.22253769459507	0.333	0.154	0	c2	BTG2
0	0.557457332305711	0.954	0.775	0	c2	RPL32
0	0.586862031369713	0.552	0.374	0	c2	RPL9
0	1.07731013381755	0.373	0.195	0	c2	TNFAIP3
0	0.853660971731731	0.422	0.246	0	c2	HSPA1B
0	0.385982410295162	0.84	0.665	0	c2	RPS21
0	0.394727479817113	0.793	0.62	0	c2	RPL12
0	0.845450357604768	0.428	0.255	0	c2	SARAF
0	0.443070843380219	0.709	0.536	0	c2	RPL8
0	0.39701412844638	0.87	0.698	0	c2	RPL18A
0	0.411976312394753	0.711	0.539	0	c2	RPL18
0	0.429131618484711	0.757	0.586	0	c2	RPL37
0	0.475654231776775	0.635	0.465	0	c2	RPLP0
0	0.418439113893309	0.66	0.495	0	c2	RPS6
0	0.902337405056883	0.395	0.23	0	c2	IER2
0	0.360594246448174	0.829	0.664	0	c2	RPS23
0	0.414237048877373	0.909	0.745	0	c2	RPL19
0	0.38061665537641	0.733	0.569	0	c2	RPL29
0	0.631179327864208	0.542	0.379	0	c2	CD69
0	0.408903280704498	0.87	0.71	0	c2	RPS4X
0	0.411244739717595	0.891	0.734	0	c2	RPS27A
0	0.375652654839757	0.809	0.652	0	c2	RPS14
0	0.403117914700161	0.683	0.527	0	c2	RPL14
0	0.610393665750184	0.516	0.362	0	c2	BTG1
0	0.378360969365568	0.877	0.725	0	c2	RPS18
0	0.56651730879877	0.473	0.321	0	c2	RPL22
0	0.394254582923864	0.913	0.763	0	c2	RPS3
0	0.676197904137659	0.444	0.295	0	c2	HSPA1A
0	0.98575213808802	0.307	0.16	0	c2	PPP1R15A
0	0.473891241155641	0.957	0.811	0	c2	RPL30
0	0.487074946661197	0.959	0.82	0	c2	RPL39
0	0.478528895958901	0.965	0.826	0	c2	RPL13
0	0.445245966503162	0.971	0.843	0	c2	RPS12
0	0.956841387414941	0.228	0.112	0	c2	FOSB
0	0.262799561389519	0.955	0.841	0	c2	RPS15A
0	0.323628718491193	0.968	0.864	0	c2	RPL28
0	0.49982520880542	0.959	0.858	0	c2	EEF1A1
0	1.04143506254414	0.205	0.105	0	c2	SLC2A3
0	0.397295764108163	0.983	0.886	0	c2	RPL10
0	0.464104915539549	0.969	0.88	0	c2	RPLP1
0	0.281160965445583	0.991	0.923	0	c2	RPS27
0	0.288133165003678	0.996	0.946	0	c2	RPL41
5.6321246137748e-306	0.428301884910488	0.597	0.435	1.09099885893432e-301	c2	RPS5
7.12788043380888e-305	0.301101171987215	0.891	0.774	1.38074171883312e-300	c2	RPS19
6.210464631231e-296	0.445051222282806	0.62	0.476	1.20302910371576e-291	c2	EIF1
1.17528541806051e-293	0.877772112381558	0.29	0.175	2.27664538332501e-289	c2	DDIT4
1.03969698714888e-287	1.01005698094165	0.184	0.094	2.0139970338061e-283	c2	NR4A1
1.61870370467814e-278	0.761042190173515	0.294	0.18	3.13559094633202e-274	c2	PABPC1
3.70370393416749e-268	1.35418567435786	0.107	0.044	7.17444489087585e-264	c2	SOCS3
7.03408290844394e-263	0.59456407479096	0.295	0.18	1.36257220019468e-258	c2	LTB
2.13236343360884e-260	0.600891896065463	0.429	0.301	4.13060120724367e-256	c2	ZFP36L2
4.54438919043304e-258	0.527119991379833	0.416	0.286	8.80293630078783e-254	c2	KLF6
1.67076432088418e-257	0.521454524717949	0.418	0.286	3.23643756598475e-253	c2	EEF1B2
3.83986801181292e-243	1.31155925248425	0.1	0.042	7.4382083256828e-239	c2	CDKN1A
8.3027471669275e-227	0.268410425738273	0.82	0.692	1.60832515370553e-222	c2	RPS15
1.00830767376921e-224	0.603280149234236	0.335	0.225	1.95319279485834e-220	c2	HSP90AA1
1.07228359144502e-221	0.582796084784231	0.401	0.288	2.07712054498816e-217	c2	HSPA8
3.80610678106509e-214	0.399911642919791	0.53	0.401	7.37280944560118e-210	c2	RPS9
3.5372980458137e-211	0.427742850087351	0.54	0.421	6.85210004454571e-207	c2	H3F3B
1.95354511065934e-208	0.834094496944029	0.187	0.106	3.78421223385821e-204	c2	DNAJA1
7.76884172063365e-196	0.307374061513206	0.687	0.565	1.50490232970394e-191	c2	RPS29
1.75328139506988e-177	0.799193291697516	0.145	0.079	3.39628139038986e-173	c2	EGR1
1.52341242013045e-170	0.322631711969646	0.598	0.482	2.95100219903469e-166	c2	RPLP2
1.07909578538413e-164	1.27504825893138	0.065	0.026	2.0903164458676e-160	c2	CD40LG
1.99001820597697e-162	0.745345900634988	0.178	0.107	3.85486426679798e-158	c2	LEPROTL1
2.56844369735091e-160	1.41955242122643	0.056	0.021	4.97533228613845e-156	c2	CCR7
1.92792215878398e-157	0.589791847872365	0.259	0.174	3.73457801378044e-153	c2	HSP90AB1
3.22066901541318e-155	0.382519585931118	0.438	0.331	6.23875794975687e-151	c2	RPL10A
2.35842262435617e-154	0.355982640692299	0.506	0.399	4.56850046564033e-150	c2	RPL24
1.69757669707766e-149	0.792433990818366	0.185	0.115	3.28837581990913e-145	c2	GADD45B
8.99082282309371e-144	0.515372746590664	0.279	0.194	1.74161228906148e-139	c2	EEF1G
2.810176342382e-142	0.38995753674182	0.427	0.328	5.44359259282817e-138	c2	RPS16
1.22903851365044e-139	0.73850521375832	0.16	0.097	2.38077050479226e-135	c2	SNHG8
2.00436108887576e-139	0.471420933502981	0.338	0.248	3.88264786526123e-135	c2	CXCR4
2.67566536235211e-135	0.23948204433536	0.708	0.6	5.18303137341228e-131	c2	FAU
3.83668604780233e-134	0.453773986067615	0.32	0.232	7.4320445431979e-130	c2	RPL4
5.42297011636604e-134	0.416284175080749	0.385	0.293	1.05048354124127e-129	c2	RPL21
1.75078151327649e-133	0.556505536170914	0.323	0.24	3.39143886936789e-129	c2	TXNIP
7.1528444657693e-130	0.436576814620628	0.342	0.254	1.38557750146417e-125	c2	RPL38
3.76871510603331e-129	0.225544846311009	0.564	0.446	7.30037803189713e-125	c2	FXYD5
1.16587400319646e-125	0.855422823175188	0.129	0.075	2.25841453159186e-121	c2	CYCS
8.53458373521706e-125	0.746853139238126	0.15	0.092	1.6532342153489e-120	c2	RGCC
3.35436222097362e-122	0.875445859802464	0.11	0.062	6.497735058248e-118	c2	KLF2
3.33991786285966e-113	0.627307498347033	0.167	0.108	6.46975489214544e-109	c2	LDHB
3.96974074003651e-113	0.213104387109618	0.707	0.604	7.68978478752472e-109	c2	RPS7
1.06752071802452e-112	0.624085731212624	0.17	0.11	2.0678943828853e-108	c2	ZFAS1
3.79616348684426e-109	0.697811873820666	0.147	0.093	7.35354829036601e-105	c2	HSPE1
7.20111426651889e-105	0.907980159676572	0.076	0.039	1.39492784456737e-100	c2	GPR183
1.01868334743718e-103	1.4529617137916	0.033	0.012	1.97329151232056e-99	c2	CCR6
5.76566661537311e-103	0.236237039657671	0.609	0.515	1.11686728006393e-98	c2	RPL6
4.00232724988742e-102	0.314714616889767	0.437	0.351	7.75290811575692e-98	c2	GNB2L1
8.98019003867238e-100	0.293650280203472	0.436	0.348	1.73955261239123e-95	c2	RPSA
1.33846448960086e-98	0.616551933802447	0.198	0.139	2.59273956280582e-94	c2	ANXA1
2.66670202781888e-98	0.400315778499734	0.301	0.227	5.16566849808796e-94	c2	RPL36A
2.07502539138962e-97	0.327533221742208	0.386	0.304	4.01953168566083e-93	c2	RPS2
6.6417708431146e-95	0.234458554492378	0.608	0.524	1.28657743001973e-90	c2	PTMA
2.01065930813854e-93	1.32862184822991	0.036	0.014	3.89484814579516e-89	c2	PASK
6.2609594727385e-93	0.265415394095384	0.506	0.421	1.21281045946417e-88	c2	RPL35
6.57541706971784e-87	0.169285903447897	0.742	0.648	1.27372404057504e-82	c2	RPL26
4.21224570187231e-86	0.755466794520272	0.087	0.05	8.15954114909685e-82	c2	HSPH1
7.79231209887438e-83	0.679919040459994	0.119	0.076	1.50944877667296e-78	c2	FYB
7.67455368848147e-82	0.649729763132625	0.124	0.08	1.48663779499575e-77	c2	TUBA1A
8.1548404437761e-82	0.179447557569137	0.671	0.58	1.57967414236387e-77	c2	RPL7A
2.05052480394243e-77	0.456758243579487	0.201	0.146	3.97207159771688e-73	c2	SRSF7
5.74403892196302e-76	0.900891228568659	0.06	0.032	1.11267777957346e-71	c2	BIRC3
2.34013584446201e-75	1.91537260527339	0.015	0.004	4.53307714430736e-71	c2	FAAH2
2.46044388389917e-74	1.0854506033871	0.041	0.019	4.76612584750109e-70	c2	AQP3
8.85189926132603e-74	0.82973019964742	0.069	0.039	1.71470140591147e-69	c2	PIK3IP1
2.70642172988545e-73	0.788560205311175	0.078	0.046	5.24260953296111e-69	c2	SELL
6.81617346178458e-72	0.25205656102195	0.434	0.361	1.32036096128229e-67	c2	NACA
1.81664099651371e-71	0.397492122894273	0.241	0.183	3.51901527434671e-67	c2	EEF2
4.6650311910496e-71	0.298440013037025	0.381	0.313	9.03663192018217e-67	c2	EEF1D
6.06274112886882e-70	0.635568219101372	0.114	0.075	1.17441358407318e-65	c2	TNF
4.24609110882692e-69	1.80378272217074	0.015	0.004	8.22510308690862e-65	c2	LOC102724246
1.45344195962954e-68	0.379279343401116	0.255	0.197	2.81546241999838e-64	c2	TOMM7
1.23307655279004e-66	0.319884182043592	0.322	0.259	2.38859259040959e-62	c2	PFDN5
2.02852488356519e-66	0.609181051088853	0.11	0.072	3.92945555195412e-62	c2	BATF
7.56364120515942e-66	1.12239986434344	0.035	0.016	1.46515293785143e-61	c2	LEF1
1.01319617201206e-64	0.824777982504716	0.055	0.03	1.96266230480457e-60	c2	LMNA
1.41098848125202e-64	0.731621585593772	0.076	0.046	2.73322578703329e-60	c2	CSRNP1
2.55642715679443e-63	0.651924127338953	0.098	0.064	4.9520550454265e-59	c2	YPEL5
4.10868442111708e-62	0.560025081567975	0.12	0.082	7.9589325921459e-58	c2	SNHG6
1.41214402681988e-60	0.414677632191909	0.197	0.148	2.73546419435278e-56	c2	PNRC1
3.17963849887708e-60	0.364710180502417	0.199	0.15	6.1592777361748e-56	c2	KLRB1
5.12048780370854e-60	0.898765225878134	0.05	0.027	9.91889692456382e-56	c2	ZFAND2A
1.95381971423237e-59	0.796223093466356	0.06	0.035	3.78474416843952e-55	c2	ARHGAP15
2.35177719707309e-57	0.621524806211688	0.093	0.061	4.55562760845029e-53	c2	SERTAD1
6.38483908950386e-57	0.662049797034519	0.078	0.049	1.23680718002779e-52	c2	NFKBIZ
3.74107450904595e-53	0.924351757695879	0.041	0.022	7.2468354314729e-49	c2	DNAJB9
8.65117365640719e-53	0.556559491382545	0.102	0.069	1.67581884898264e-48	c2	GLTSCR2
1.72273360951035e-52	0.808869857639236	0.051	0.029	3.3371072749825e-48	c2	TMEM123
3.69433555544454e-52	1.36817748559969	0.017	0.006	7.15629740445161e-48	c2	IL2
1.85807297200067e-51	0.368662430866102	0.194	0.149	3.5992731540625e-47	c2	LRRC75A-AS1
2.90642974597184e-50	0.173408842695361	0.35	0.29	5.63004506092206e-46	c2	VIM
4.69417299578761e-50	0.180413997194249	0.486	0.42	9.09308251014017e-46	c2	RPL23A
1.9759036220275e-49	0.256852002228556	0.337	0.281	3.82752290622948e-45	c2	UBA52
2.55206232751482e-46	0.685205624186167	0.065	0.041	4.94359993462896e-42	c2	DDIT3
5.81686015977975e-46	0.682179283561622	0.061	0.038	1.12678398155093e-41	c2	HSPD1
3.01468570745013e-45	1.30968183628955	0.017	0.007	5.83974768390165e-41	c2	ZBTB10
3.79661257078209e-44	0.281837340562133	0.29	0.241	7.35441821086198e-40	c2	UBB
6.23331979319179e-44	0.583026639544773	0.081	0.055	1.20745637713918e-39	c2	CCNH
6.73310648937299e-44	1.24894330252799	0.019	0.008	1.30427005805644e-39	c2	TESPA1
2.20898343006827e-43	1.26852697248072	0.018	0.007	4.27902180238525e-39	c2	FXYD1
3.18660392271571e-43	1.02540131779641	0.033	0.018	6.1727704586926e-39	c2	PPP1R2P9
1.06172087718954e-42	0.835203785798699	0.038	0.021	2.05665951120385e-38	c2	IL6ST
4.88186667373317e-41	0.593397209684694	0.072	0.048	9.45666393368853e-37	c2	PPP1R2
7.37047475185482e-37	0.504111719460627	0.088	0.062	1.4277346641818e-32	c2	HNRNPA0
1.27331682056762e-36	0.894604817657145	0.029	0.015	2.46654201312154e-32	c2	MAL
1.72827689211716e-36	0.221278046390446	0.081	0.056	3.34784516772015e-32	c2	HIST1H4C
1.7720464852435e-36	0.750456731606448	0.041	0.024	3.43263124656519e-32	c2	UGP2
6.54656287401475e-36	0.235058663169088	0.508	0.483	1.2681346943254e-31	c2	RPS26
2.29053930438875e-35	0.492625940581558	0.123	0.093	4.43700368653144e-31	c2	CITED2
3.95802527530176e-35	0.740512516498161	0.04	0.024	7.66709076078704e-31	c2	RORA
4.58541885434245e-35	1.02725461466311	0.023	0.011	8.88241486274675e-31	c2	SESN1
9.10207995448147e-35	0.877515747202582	0.029	0.016	1.76316390798261e-30	c2	LOH12CR1
1.06773738080982e-33	0.343811499771877	0.153	0.12	2.0683140803667e-29	c2	RPL17
1.31059928145404e-33	0.723080857833849	0.041	0.025	2.53876186810462e-29	c2	TTC39C
1.64009181962459e-33	0.482922082247032	0.087	0.062	3.17702186379479e-29	c2	EIF3E
4.44017998722278e-33	0.625006217468401	0.052	0.034	8.60107265324924e-29	c2	BRE-AS1
6.45410541981586e-33	1.04502521234229	0.019	0.009	1.25022476087253e-28	c2	TNFSF8
7.79698779011049e-33	0.136429674431611	0.302	0.255	1.5103545048223e-28	c2	DUSP2
9.10719342578361e-33	0.670811769295112	0.047	0.03	1.76415443850854e-28	c2	TOB1
1.26461153055845e-32	0.235391289763163	0.341	0.298	2.44967899584477e-28	c2	UBC
1.39740185339247e-32	0.482662466187616	0.093	0.068	2.70690713020656e-28	c2	SOCS1
2.38184564686782e-32	0.575311305423696	0.059	0.039	4.61387320254765e-28	c2	FLT3LG
2.40225486246186e-32	1.25215865888787	0.014	0.006	4.65340789407488e-28	c2	FBLN7
4.70594658633048e-32	0.486325028840211	0.087	0.063	9.11588913238077e-28	c2	PHLDA1
5.0648575990186e-32	0.591342636154966	0.056	0.037	9.81113565505892e-28	c2	ITK
1.65285518543059e-31	0.496732328219063	0.077	0.054	3.2017457796976e-27	c2	NR3C1
5.12775051440751e-31	0.371764293676998	0.124	0.096	9.9329655214588e-27	c2	TAGAP
8.12438577149657e-31	0.612368267426052	0.05	0.033	1.5737747677966e-26	c2	RNASET2
1.20398189058178e-30	0.723158415422827	0.036	0.022	2.33223332024596e-26	c2	CAMK4
1.41151894517536e-30	1.25578042046354	0.013	0.006	2.73425334869918e-26	c2	FXYD7
1.97731480963064e-30	0.773841453513246	0.034	0.02	3.83025651773551e-26	c2	GPR171
2.72246349746699e-30	0.90748960686879	0.028	0.016	5.2736840409433e-26	c2	CH25H
2.83526556315337e-30	0.846033789069156	0.027	0.015	5.49219292238439e-26	c2	TCF7
4.33572656353372e-30	0.335793121910457	0.147	0.117	8.39873592622117e-26	c2	RPL7
3.63826459886913e-29	0.637046547487006	0.045	0.029	7.0476823544694e-25	c2	FAM46C
6.22579006559271e-29	0.659234872464026	0.032	0.019	1.20599779360596e-24	c2	SOD2
6.75780450208299e-29	0.833575097117708	0.026	0.015	1.3090543100985e-24	c2	DGKA
7.62006558792998e-29	0.433196477761928	0.088	0.065	1.47608290503792e-24	c2	SERP1
1.41273805559083e-28	1.95962555788959	0.005	0.001	2.736614887485e-24	c2	ANKRD55
4.17812132513022e-28	0.512567051253511	0.067	0.047	8.09343881890974e-24	c2	PDCD4
5.76896611552523e-28	1.02083311278141	0.017	0.008	1.11750642623839e-23	c2	SESN3
8.39146569157884e-28	0.619819663158347	0.042	0.027	1.62551081911574e-23	c2	DNAJB4
2.07690095292488e-27	0.258356372250133	0.19	0.157	4.02316483591078e-23	c2	NPM1
3.05360178190453e-27	1.01308578063658	0.017	0.009	5.91513201172726e-23	c2	SATB1
1.07593376517628e-26	0.443276660361701	0.073	0.053	2.08419129652298e-22	c2	TUBB4B
8.92730495579991e-26	0.911588228250568	0.021	0.011	1.729308242988e-21	c2	RTKN2
2.24411518068772e-25	1.48098053150329	0.008	0.003	4.34707551651017e-21	c2	CMTM8
6.22981191819207e-25	0.746164470946891	0.029	0.018	1.20677686667299e-20	c2	MRPL18
9.16966004366898e-25	0.492990295693414	0.058	0.041	1.77625484705912e-20	c2	NOSIP
1.12431065251211e-24	0.390782722531716	0.09	0.068	2.17790216498122e-20	c2	SPOCK2
1.28757555701483e-24	1.42649266315431	0.008	0.003	2.49416261149342e-20	c2	LOC101928152
1.87532694992386e-24	0.853175686776915	0.021	0.012	3.63269583469751e-20	c2	INPP4B
2.3763048353411e-24	0.155360436597044	0.361	0.32	4.60314009653924e-20	c2	RPL37A
1.15812415493115e-23	0.855709097602919	0.021	0.011	2.24340230051712e-19	c2	LPAR6
1.99029789365557e-23	0.405133005289874	0.08	0.06	3.85540604980021e-19	c2	RPS14P3
3.90356222141065e-23	0.927015207640632	0.017	0.009	7.56159037909458e-19	c2	BAG3
8.01344208502915e-23	1.30695113172824	0.009	0.004	1.552283866291e-18	c2	LOC100996286
8.38767624499575e-23	0.817914742087637	0.021	0.012	1.62477676541813e-18	c2	ARL4A
9.7604638486227e-23	1.49332088424415	0.007	0.002	1.8906994521167e-18	c2	IL23A
1.35897441412774e-22	0.455735190408845	0.059	0.042	2.63246933760685e-18	c2	TSPYL2
1.84875047640567e-22	0.586385751388668	0.036	0.024	3.58121454784542e-18	c2	SNORA78
2.19099229949795e-22	0.488887375953532	0.054	0.038	4.24417118335748e-18	c2	SNHG15
5.25838727590711e-22	0.415731250268967	0.072	0.054	1.01860219921597e-17	c2	GAS5
5.87736298897342e-22	0.228966061361542	0.184	0.155	1.13850398459404e-17	c2	RPL13A
1.29165446823701e-21	0.314896560032147	0.126	0.102	2.50206387042192e-17	c2	CCNI
1.80798911212894e-21	0.573190948070639	0.038	0.025	3.50225570910497e-17	c2	TMEM173
3.35401859101159e-21	0.483590864601936	0.054	0.038	6.49706941264855e-17	c2	OCIAD2
3.68290420776374e-21	0.929313604254594	0.015	0.008	7.13415374085914e-17	c2	CCL20
4.7983796048673e-21	0.243524534231028	0.183	0.155	9.29494113258845e-17	c2	COMMD6
5.33114814843774e-21	0.195371560682359	0.26	0.227	1.03269670783387e-16	c2	HNRNPA1
1.04692379372771e-20	0.192059688657511	0.262	0.229	2.02799608082995e-16	c2	RPL36AL
1.23189924733741e-20	0.565077152287511	0.039	0.027	2.38631203201731e-16	c2	PRKCQ-AS1
1.56402804886089e-20	0.543194950230575	0.038	0.026	3.02967873344843e-16	c2	AIM1
1.63335816056011e-20	0.368969097771199	0.087	0.068	3.16397809282099e-16	c2	EIF4A2
2.05217078933185e-20	0.554935634137457	0.039	0.026	3.97526003601473e-16	c2	PBXIP1
7.47025957639091e-20	0.677023961505363	0.026	0.016	1.44706398254268e-15	c2	TRADD
1.7066709073737e-19	0.852921180926563	0.017	0.009	3.30599221467359e-15	c2	THEM4
1.78939458345597e-19	1.12981768598539	0.01	0.004	3.46623624761256e-15	c2	CYSLTR1
2.71610148561756e-19	1.07897884491806	0.011	0.005	5.26136018778977e-15	c2	SERINC5
2.90253556437466e-19	0.195577973591549	0.236	0.206	5.62250164175015e-15	c2	DDX5
3.56177440949061e-19	1.04707533698843	0.011	0.005	6.89951320862425e-15	c2	TNFSF13B
6.37129817910065e-19	0.33362514236915	0.093	0.074	1.23418417027359e-14	c2	RPL21P28
1.13090405198587e-18	0.764196478145767	0.02	0.012	2.19067423910183e-14	c2	TNFRSF25
1.55857350109526e-18	0.574396816111671	0.034	0.023	3.01911272897162e-14	c2	CCDC109B
2.56104717845469e-18	1.16220903416615	0.009	0.004	4.96100448938458e-14	c2	TAF4B
2.65332000311995e-18	0.64172905909163	0.027	0.017	5.13974617804365e-14	c2	NXT1
5.04363634065412e-18	0.627005759470133	0.032	0.021	9.7700279554811e-14	c2	TMEM107
8.88325910231072e-18	0.186399801860715	0.193	0.166	1.72077612070861e-13	c2	ITM2B
9.62147133248807e-18	0.226984543150317	0.175	0.15	1.86377521181626e-13	c2	C12orf57
9.83863139378011e-18	0.475297075036806	0.047	0.034	1.90584128728915e-13	c2	FAM177A1
1.6128044214121e-17	0.654864456934837	0.025	0.016	3.12416344471738e-13	c2	ICAM2
1.71702934662739e-17	0.379828405435531	0.071	0.055	3.32605754735193e-13	c2	PRDM1
1.74877381820277e-17	0.480187422467762	0.044	0.031	3.38754976324059e-13	c2	FKBP5
1.83501224972286e-17	0.354314142919996	0.074	0.057	3.55460222893816e-13	c2	SQSTM1
2.15390490349055e-17	0.426779004209498	0.055	0.041	4.17232918855154e-13	c2	PTGER4
2.27426224425841e-17	0.523952502897817	0.038	0.027	4.40547339335297e-13	c2	TNFAIP8
3.52579623650436e-17	0.790433112843596	0.017	0.01	6.8298198897326e-13	c2	ODF2L
3.5708926644966e-17	0.577637753692539	0.031	0.021	6.91717618039637e-13	c2	BCAS2
4.11544476851306e-17	0.818750732341115	0.016	0.009	7.97202806108665e-13	c2	TIFA
4.56179807734391e-17	0.382461941830536	0.069	0.053	8.83665905562289e-13	c2	BRD2
5.78195137320935e-17	0.4311465971408	0.057	0.042	1.12002180050438e-12	c2	ICOS
8.75882885304239e-17	0.790908158891509	0.016	0.009	1.69667273712284e-12	c2	LOC101929065
9.57071420482242e-17	0.430819183653177	0.048	0.035	1.85394304861615e-12	c2	MYADM
1.39488838631169e-16	0.880696306343377	0.013	0.007	2.70203829312437e-12	c2	CHMP7
1.48189207302864e-16	0.562452402521714	0.032	0.022	2.87057313466378e-12	c2	ZC3HAV1
2.12175390727905e-16	0.3567009776094	0.07	0.054	4.11004949379024e-12	c2	SF1
4.84364614742495e-16	0.611662620534563	0.026	0.017	9.38262695217687e-12	c2	ZC3H12A
5.16949890673816e-16	0.587609553305464	0.035	0.024	1.00138363322425e-11	c2	HSPA6
7.39460812049798e-16	0.354194609063875	0.07	0.054	1.43240953902166e-11	c2	RPSAP58
2.55942292156863e-15	0.557603271309974	0.03	0.02	4.9578581413706e-11	c2	FOXP1
3.52247425350138e-15	0.617363751400231	0.024	0.016	6.82338487645752e-11	c2	ERN1
6.69836431826886e-15	0.388613663613993	0.049	0.037	1.29754015209186e-10	c2	PIM2
6.86188375643065e-15	0.380312106030872	0.058	0.045	1.32921550245818e-10	c2	EIF4B
8.34819977082104e-15	0.760924807934336	0.016	0.01	1.61712977760574e-10	c2	LOC646513
1.07430448281587e-14	0.547527958323386	0.028	0.019	2.08103521366263e-10	c2	PRMT9
1.3602453109861e-14	1.20294752323164	0.006	0.003	2.63493119191117e-10	c2	HSBP1L1
1.50566419800735e-14	2.32568769430983	0.002	0	2.91662211796003e-10	c2	ADAM23
2.14809650665305e-14	0.792514843479537	0.014	0.008	4.16107774303763e-10	c2	LOC100130476
2.37598154955159e-14	0.610659545949381	0.023	0.015	4.60251385963638e-10	c2	PFKFB3
3.1142323601993e-14	0.436028551196751	0.043	0.031	6.03257950494207e-10	c2	LOC284454
3.62250778524788e-14	0.187095911169632	0.195	0.171	7.01715983080368e-10	c2	RPL31
3.813133078368e-14	0.63412088182742	0.021	0.013	7.38642008610665e-10	c2	ILF3-AS1
4.32937029877048e-14	0.408427566528801	0.047	0.036	8.38642320574829e-10	c2	CACYBP
4.35460365679476e-14	0.67089064172445	0.022	0.015	8.43530274357712e-10	c2	MYC
8.1576987900163e-14	0.398572070637278	0.048	0.037	1.58022783261406e-09	c2	NDFIP1
1.08588763848845e-13	0.25536251328227	0.113	0.095	2.10347294451598e-09	c2	GSTK1
1.11842930452984e-13	0.361684367526216	0.062	0.049	2.16650940580475e-09	c2	ZNF331
1.18784973969746e-13	0.483539863451568	0.034	0.025	2.30098373076794e-09	c2	SBDS
1.52794868514143e-13	0.308629331331996	0.079	0.064	2.95978939798746e-09	c2	FUS
2.42208817957756e-13	0.871214639781566	0.01	0.006	4.6918270126597e-09	c2	BEX2
3.07150821424966e-13	0.510298277202557	0.029	0.02	5.94981856182301e-09	c2	TRAT1
3.7681069274929e-13	0.479932657521307	0.032	0.023	7.29919992924649e-09	c2	NEU1
1.24397727310344e-12	0.997758086091102	0.008	0.004	2.40970837572867e-08	c2	SH3YL1
1.4980382477569e-12	0.346559609519802	0.057	0.045	2.90184988972989e-08	c2	SMDT1
3.06326073611471e-12	0.337508598704215	0.059	0.046	5.93384237192781e-08	c2	CHMP1B
3.38273330185203e-12	0.900891228568659	0.009	0.005	6.55269267901757e-08	c2	AP3M2
3.60147569382851e-12	0.200529890852538	0.124	0.106	6.9764185665152e-08	c2	NR4A2
6.44803023977921e-12	0.238832039267254	0.102	0.086	1.24904793774763e-07	c2	SRSF5
7.41719042756012e-12	0.895966149273874	0.008	0.004	1.43678395772267e-07	c2	PLK2
7.84983429697068e-12	0.203303601360341	0.089	0.074	1.52059140166619e-07	c2	HSPB1
7.94440401892596e-12	0.420812237268237	0.036	0.027	1.53891050250615e-07	c2	C10orf54
8.16672357747052e-12	0.799913580843837	0.012	0.007	1.58197602419181e-07	c2	MID1IP1
9.22104039695495e-12	0.529698852916479	0.024	0.016	1.78620773529414e-07	c2	EIF4A3
1.38014940012905e-11	0.731326495586425	0.013	0.008	2.67348740298997e-07	c2	CDC14A
1.73736621392925e-11	1.22827519265189	0.005	0.002	3.36545209300235e-07	c2	FBLN5
1.78023879611431e-11	0.112121933514607	0.308	0.281	3.44850057195303e-07	c2	RPL27
2.12664377343936e-11	2.42137104236514	0.001	0	4.11952165352939e-07	c2	LTK
2.45895006712912e-11	0.79283534662357	0.01	0.006	4.76323217503581e-07	c2	LDLRAP1
3.11490356273993e-11	0.447969594480121	0.034	0.025	6.03387969138351e-07	c2	ODC1
3.46051485087864e-11	0.609492154926737	0.019	0.012	6.70336331763702e-07	c2	TUBB2A
4.04329016747704e-11	1.11210117034872	0.005	0.002	7.83225738341977e-07	c2	PTPN13
4.59681190898133e-11	4.50625993995165	0	0	8.90448434888773e-07	c2	TFAMP1
5.01839929003758e-11	0.28089631207769	0.069	0.056	9.72114126473179e-07	c2	KMT2E-AS1
7.11895360466788e-11	0.500349669330598	0.024	0.017	1.37901250276022e-06	c2	RAPGEF6
8.85112439356346e-11	0.392777691792989	0.04	0.031	1.71455130627718e-06	c2	EML4
1.17632689286714e-10	0.423270575280621	0.032	0.024	2.27866282417293e-06	c2	PTP4A1
1.19976525653287e-10	0.578822183552623	0.018	0.012	2.32406527842982e-06	c2	SNHG16
1.43892378671412e-10	0.629710511594464	0.015	0.01	2.78733926724393e-06	c2	PLK3
1.48320424929915e-10	0.40207441889782	0.036	0.027	2.87311495131738e-06	c2	H2AFX
1.98956781599875e-10	0.372426063996461	0.048	0.038	3.85399181637117e-06	c2	SNHG9
2.02073781562971e-10	0.611032261868713	0.017	0.011	3.9143712226563e-06	c2	DUSP16
2.48761860255691e-10	0.280729707961151	0.07	0.058	4.81876599501298e-06	c2	SELK
2.64829072748328e-10	0.695921159455226	0.012	0.008	5.13000396820787e-06	c2	NSUN6
4.76567299861199e-10	0.310301436301867	0.055	0.044	9.23158516561129e-06	c2	ANP32B
4.98698040985385e-10	1.03432004943833	0.005	0.003	9.6602797519279e-06	c2	BEX5
5.31464875742269e-10	0.384748560531642	0.038	0.029	1.02950061080035e-05	c2	SNHG1
6.38206751784763e-10	0.455738164372486	0.028	0.021	1.23627029888226e-05	c2	PTGER2
8.33034103845277e-10	0.818904794004678	0.009	0.005	1.61367036255869e-05	c2	LSR
9.71844409637533e-10	0.846803713006361	0.008	0.004	1.88255980590886e-05	c2	CFAP36
1.68846045446388e-09	0.836311098461285	0.008	0.005	3.27071674634198e-05	c2	PHLDA2
1.93260004563983e-09	0.441554250563836	0.026	0.019	3.74363954840892e-05	c2	CMTM7
2.09191820420777e-09	0.14113151562988	0.192	0.173	4.05225475337087e-05	c2	HINT1
2.38647300120053e-09	2.3542568465066	0.001	0	4.62283685062554e-05	c2	ESPN
2.44701238123517e-09	0.436936118047305	0.026	0.019	4.74010768369064e-05	c2	PPP1R10
2.91144241631788e-09	0.325468423081976	0.047	0.038	5.63975510464936e-05	c2	EIF3L
4.62440052512759e-09	0.244548641859028	0.077	0.065	8.95792625722466e-05	c2	RPL22L1
4.7056594868145e-09	0.346883399367866	0.036	0.028	9.11533299190838e-05	c2	CD55
5.42927548653267e-09	0.433691314001007	0.025	0.019	0.000105170495449624	c2	GATA3
5.4373745300793e-09	1.53113460859068	0.002	0.001	0.000105327382022166	c2	FHL1
6.77290144050085e-09	0.138531626142024	0.206	0.187	0.000131197873803942	c2	COX7C
7.09431283580477e-09	0.250166906665257	0.066	0.055	0.000137423933942374	c2	CCNL1
7.60720499446441e-09	0.333880331297238	0.042	0.034	0.00014735916794777	c2	TOMM20
8.36096781036466e-09	0.143420446583105	0.188	0.17	0.000161960307454574	c2	RPL27A
1.32440956428587e-08	0.375765083337877	0.033	0.026	0.000256551376697816	c2	MGAT4A
1.41723858559786e-08	0.331726558671862	0.041	0.033	0.000274533286416161	c2	SNHG5
1.60150615055984e-08	0.242701774794302	0.063	0.053	0.000310227756424946	c2	JUND
1.6628401348609e-08	0.593835778659726	0.015	0.01	0.000322108762523905	c2	RGS16
1.68656786254421e-08	0.167103373773907	0.118	0.103	0.000326705060653438	c2	ZFP36L1
1.74220678853737e-08	0.584203083008209	0.014	0.009	0.000337482877007575	c2	DYNLT3
2.04039289167947e-08	0.210935106275998	0.088	0.076	0.000395244507047231	c2	RPS18P9
2.04718158104408e-08	0.383251433365065	0.029	0.022	0.000396559544064048	c2	IFRD1
2.51893827718644e-08	2.16922495267408	0.001	0	0.000487943533673784	c2	WNT7A
2.61485556299524e-08	0.473026636768893	0.02	0.014	0.000506523671107807	c2	LOC101929910
3.11842919560658e-08	1.61548900970641	0.002	0.001	0.000604070919480951	c2	IL23R
3.13084663329363e-08	0.358619709512253	0.034	0.027	0.00060647630133531	c2	SMCHD1
3.47542563099044e-08	0.481913621017321	0.017	0.012	0.000673224698979159	c2	MARCKSL1
4.20972365698591e-08	0.695592283853212	0.009	0.005	0.00081546556959474	c2	SPINT2
4.21439923286358e-08	0.178339899335666	0.106	0.093	0.000816371275398005	c2	CD44
4.48117214226016e-08	0.137887621749291	0.173	0.156	0.000868047855677215	c2	CIRBP
4.87319540737236e-08	0.529251582577881	0.015	0.011	0.0009439866823621	c2	PER1
5.02584761694463e-08	0.564474553896948	0.014	0.01	0.000973556941878345	c2	NABP1
5.28531557685516e-08	0.355666416761273	0.031	0.024	0.00102381848039261	c2	SELM
5.4188205504629e-08	0.897107973663426	0.006	0.003	0.00104967972883017	c2	SSBP2
5.62965872354356e-08	0.594351269576508	0.015	0.011	0.00109052119133762	c2	OSM
7.79407573133348e-08	0.901619954454029	0.005	0.003	0.00150979040991661	c2	DPP4
9.63134779234511e-08	0.124350618418759	0.207	0.189	0.00186568838085517	c2	PCBP2
9.74389253016302e-08	0.241228433090274	0.069	0.058	0.00188748942201788	c2	HNRNPA1P10
1.04298659779221e-07	0.445045513463719	0.018	0.013	0.0020203693385833	c2	GADD45G
1.28463924173195e-07	0.309550489285034	0.041	0.033	0.00248847467515895	c2	RSL24D1
1.45088978092928e-07	0.494771342927221	0.016	0.012	0.00281051859463812	c2	IPCEF1
1.69575403719956e-07	0.170912373938703	0.1	0.088	0.00328484514545927	c2	MCL1
1.99908258742472e-07	0.790628487464321	0.007	0.004	0.00387242288010043	c2	LINC00239
2.02165619232891e-07	0.935944215194898	0.005	0.002	0.00391615021016032	c2	TSPYL4
2.06048275564835e-07	0.440703309740641	0.02	0.015	0.00399136114596641	c2	KCNA3
2.18426829705609e-07	0.39051661627976	0.025	0.019	0.00423114611822736	c2	TAF1D
2.25682834682189e-07	0.306611474271494	0.046	0.038	0.00437170219062868	c2	H3F3C
2.31060336524386e-07	0.344652027128013	0.031	0.024	0.00447586977881388	c2	CD5
2.57573426360181e-07	0.293729163646369	0.043	0.035	0.00498945484202307	c2	EIF5
2.71521015529249e-07	1.11067480333898	0.003	0.002	0.00525963359181708	c2	SPG20
2.79895901945681e-07	0.815280551059625	0.006	0.004	0.00542186351658979	c2	MAP4K2
4.68260883118634e-07	0.362397235095536	0.024	0.018	0.00907068156689106	c2	PIM3
4.73949065213916e-07	0.41361539621858	0.025	0.019	0.00918086734225876	c2	ID3
4.86166862394831e-07	0.281650119460702	0.045	0.037	0.00941753829145026	c2	GLIPR1
4.9684201738546e-07	0.36845424947302	0.026	0.02	0.00962432671877375	c2	EIF2S3
5.3893276096089e-07	0.200284406119638	0.002	0.004	0.0104396665125734	c2	IGLL5
6.0112799529247e-07	0.753498256878577	0.007	0.004	0.0116444503968104	c2	ELK3
6.044868880243e-07	0.501131263946577	0.014	0.01	0.0117095155079187	c2	CD28
6.76661891034602e-07	0.500500670662967	0.015	0.011	0.0131076174912313	c2	P2RY10
7.04173432722829e-07	0.220913517312445	0.066	0.057	0.0136405435652739	c2	EPC1
8.5880695404824e-07	0.232228709990121	0.056	0.048	0.0166359495068685	c2	RPS20
8.80252401917514e-07	0.282639431679255	0.041	0.033	0.0170513692775442	c2	TC2N
1.52482347032765e-06	0.513081205807667	0.013	0.009	0.0295373554437169	c2	SORL1
2.09865131782877e-06	1.103713384856	0.002	0.001	0.0406529746776612	c2	IL22
2.55749637194032e-06	0.676184941393964	0.008	0.005	0.049541262220856	c2	ID1
