p_val	avg_log2FC	pct.1	pct.2	p_val_adj	cluster	gene
0	1.25539966675021	0.767	0.386	0	g0	NKG7
0	1.11672902231921	0.907	0.556	0	g0	CCL5
0	1.29486555495539	0.545	0.256	0	g0	GZMA
0	1.41229894275991	0.419	0.171	0	g0	GZMH
0	1.13794221397657	0.397	0.179	0	g0	GZMB
0	0.840324144529979	0.521	0.308	0	g0	CST7
0	0.808686458778713	0.501	0.3	0	g0	HCST
0	0.686670069903636	0.664	0.463	0	g0	SH3BGRL3
0	0.609541916711324	0.697	0.499	0	g0	PFN1
0	1.1135371819493	0.367	0.178	0	g0	CD8A
0	0.976941453969931	0.365	0.187	0	g0	CTSW
0	0.639667381812474	0.52	0.348	0	g0	CFL1
0	1.09882223993254	0.299	0.144	0	g0	CD8B
0	0.741154096091958	0.41	0.262	0	g0	CD3D
0	1.01150193774844	0.231	0.114	0	g0	KLRD1
0	1.11060869104399	0.241	0.124	0	g0	LOC101929531
0	0.90688969371901	0.227	0.116	0	g0	PRF1
0	0.395303896181756	0.897	0.788	0	g0	HLA-C
0	0.471329813254511	0.919	0.81	0	g0	ACTB
0	0.399277378830403	0.826	0.72	0	g0	HLA-A
0	0.389211826367009	0.977	0.923	0	g0	TMSB4X
0	0.262169420570486	0.996	0.981	0	g0	B2M
2.16245944308886e-300	0.45071887808918	0.606	0.456	4.18890018720743e-296	g0	IL32
3.65138506156288e-292	0.629884541628239	0.44	0.299	7.07309800275346e-288	g0	PTPRCAP
4.54335464749271e-280	1.0136169750983	0.194	0.097	8.80093228765812e-276	g0	GZMM
2.22640822990437e-263	0.759237448612951	0.297	0.179	4.31277538214775e-259	g0	CLIC1
2.94833494600334e-259	0.575996129328808	0.461	0.327	5.71121962390306e-255	g0	MYL12A
1.5596239798829e-215	0.47621416877237	0.55	0.428	3.02114761143117e-211	g0	IFITM1
1.1144818963447e-205	0.728705477635568	0.258	0.159	2.15886288140933e-201	g0	RARRES3
1.92298424176119e-200	0.598271174244566	0.334	0.223	3.7250127747156e-196	g0	CORO1A
5.88109790993953e-196	1.05778991564453	0.134	0.065	1.13922747613439e-191	g0	ZNF683
3.0900371908423e-194	0.594910122347278	0.326	0.218	5.98571104238062e-190	g0	CD99
5.88071500207251e-193	0.807778383223172	0.202	0.116	1.13915330305147e-188	g0	PSMB9
6.10292772831298e-188	1.04529785218473	0.121	0.057	1.18219813025151e-183	g0	KLRC2
4.1534373973335e-186	0.567426810121716	0.374	0.264	8.04562358237473e-182	g0	CD7
2.14494611385284e-183	0.583338603815557	0.322	0.217	4.15497511714433e-179	g0	RAC2
4.83156409762556e-183	0.751516223227088	0.238	0.148	9.35922281351047e-179	g0	ALOX5AP
1.64989917958557e-176	0.50387648304905	0.381	0.271	3.19601970077521e-172	g0	MYL6
3.58231170154653e-175	0.702667732528993	0.231	0.143	6.93929599706579e-171	g0	LSP1
3.30489425019573e-173	0.39713857699063	0.556	0.445	6.40191065205414e-169	g0	ACTG1
5.17338670464349e-170	1.08100448092562	0.099	0.045	1.00213673855649e-165	g0	LAG3
6.17046687762599e-164	0.663024358863679	0.242	0.155	1.19528113886493e-159	g0	ARPC2
6.62824278428833e-158	1.07721065758174	0.103	0.049	1.28395690974449e-153	g0	APOBEC3G
2.49587358304665e-152	0.87191455604158	0.153	0.086	4.83475671771967e-148	g0	XCL2
1.45434597023897e-149	0.876041798043293	0.133	0.072	2.81721357894991e-145	g0	LOC101060038
4.23750767743962e-142	0.509625071584589	0.355	0.26	8.20847612196829e-138	g0	HLA-H
2.49658386188243e-139	0.39571213220235	0.468	0.368	4.83613259885245e-135	g0	CD3E
5.82121403566738e-139	1.08773480739179	0.088	0.041	1.12762737084913e-134	g0	KLRC3
3.7185776688164e-137	0.47108979400902	0.361	0.266	7.20325680226426e-133	g0	IFITM2
4.98602650669821e-137	0.561471349500018	0.271	0.185	9.65843194612511e-133	g0	CYBA
8.2799141836092e-137	0.777256146438656	0.156	0.091	1.60390217650694e-132	g0	CLEC2B
9.32186044810134e-137	0.802422157678174	0.151	0.087	1.80573758740171e-132	g0	CD3G
1.71643333958599e-136	1.26815166707677	0.066	0.027	3.32490302211202e-132	g0	KLRC4
4.84692847643734e-134	0.658038095027541	0.172	0.104	9.38898515170677e-130	g0	IFNG
5.33870330063534e-133	0.986276821709846	0.101	0.051	1.03416021636607e-128	g0	CD63
2.91025443373657e-129	0.568618209677959	0.252	0.172	5.63745386359112e-125	g0	PSME1
4.85493961679122e-128	0.506950575288007	0.233	0.155	9.40450353168627e-124	g0	MT2A
9.5889742977681e-126	0.715707248951063	0.162	0.098	1.85748021122066e-121	g0	HOPX
1.56564754061842e-121	0.939048395811414	0.102	0.053	3.03281585093194e-117	g0	C12orf75
1.22341474152219e-117	0.421521075720499	0.387	0.297	2.36987669580264e-113	g0	ATP5E
3.07722138194393e-116	0.589969297198552	0.215	0.144	5.96088553896359e-112	g0	MYL12B
2.58751179736976e-113	0.914883817310236	0.1	0.053	5.01226910268496e-109	g0	CMC1
1.18232864956249e-112	0.571674421873082	0.224	0.153	2.2902888270675e-108	g0	EVL
3.25439699416686e-109	0.315293431138271	0.485	0.391	6.30409241740062e-105	g0	GAPDH
6.14690547168019e-106	0.378295658758629	0.403	0.316	1.19071705891917e-101	g0	SERF2
3.67885685666464e-104	0.549231164235689	0.223	0.154	7.12631361704508e-100	g0	RHOA
2.53310762616889e-103	0.975926409336518	0.08	0.04	4.90688278265176e-99	g0	LOC100996809
2.80775300524978e-103	0.615458977803066	0.181	0.119	5.43889834646935e-99	g0	SUB1
4.7958036753558e-103	0.712771174117455	0.139	0.085	9.28995129953172e-99	g0	CALR
1.00435089322294e-102	0.418382076424909	0.339	0.258	1.94552811526216e-98	g0	PPDPF
9.55337688787153e-102	1.20658329286777	0.054	0.023	1.85058463694959e-97	g0	PTMS
3.47551492921216e-99	0.910018870784241	0.082	0.043	6.73241996937687e-95	g0	HLA-DRB4
4.24491609418347e-98	1.21621781778108	0.051	0.022	8.22282696604281e-94	g0	ABI3
5.56036035859059e-95	0.747288262614251	0.122	0.073	1.07709740506258e-90	g0	PSME2
1.87684516579182e-93	0.735802546621115	0.115	0.068	3.63563677065533e-89	g0	GSTP1
3.43288483038433e-92	0.85787261654737	0.09	0.05	6.64984120493748e-88	g0	SLC9A3R1
2.91059012149838e-89	0.748523534733544	0.11	0.066	5.63810412435451e-85	g0	PPP1CA
4.96971563188875e-86	0.937775833424106	0.072	0.037	9.6268361505317e-82	g0	CLIC3
1.1546956514839e-83	0.583433777915586	0.161	0.107	2.23676094648946e-79	g0	LY6E
1.03668256718701e-82	0.341463120213614	0.373	0.297	2.00815780089796e-78	g0	ARHGDIB
1.53391512371651e-82	0.686209355896783	0.113	0.069	2.97134698615124e-78	g0	CTSD
2.29278208878555e-81	0.458922255374963	0.23	0.167	4.44134818418648e-77	g0	IL2RG
2.49710159987278e-80	0.58606960533789	0.153	0.102	4.83713550911357e-76	g0	ITGB2
5.60186470635215e-79	0.542787129476788	0.173	0.119	1.08513721226748e-74	g0	ARPC3
2.17507701136749e-75	0.611461194801652	0.138	0.091	4.21334167871996e-71	g0	C9orf142
2.15992300366528e-74	0.506972383410293	0.181	0.127	4.18398685040001e-70	g0	LGALS1
4.09856890419692e-74	0.613920175473388	0.133	0.087	7.93933782431985e-70	g0	CKLF
2.25618263556923e-71	0.568343965594534	0.145	0.098	4.37045138336115e-67	g0	GUK1
5.86708739783224e-71	0.619046031276798	0.112	0.071	1.13651349983408e-66	g0	CTSC
3.90569717888387e-69	0.503270710787875	0.179	0.128	7.56572600521595e-65	g0	PPIB
4.88600808150027e-69	0.412081700245686	0.145	0.098	9.46468625467418e-65	g0	XCL1
8.16415420825782e-69	0.82763292869443	0.073	0.041	1.58147831168162e-64	g0	KLRK1
1.19287871839874e-67	1.40908797393149	0.027	0.01	2.3107253654102e-63	g0	LOC102724850
1.20858408935364e-66	0.808274571561404	0.074	0.042	2.34114823948694e-62	g0	KLRG1
2.94543395064433e-66	0.697138114746671	0.098	0.061	5.70560010579313e-62	g0	RABAC1
6.56033319013092e-66	0.315271689525459	0.354	0.287	1.27080214226026e-61	g0	PPIA
1.53171294803374e-65	0.688273297982575	0.094	0.058	2.96708115163616e-61	g0	DBI
6.11252262749596e-65	0.560115943959292	0.139	0.094	1.18405675817224e-60	g0	LCK
6.60908159283576e-65	0.811486594414662	0.07	0.04	1.28024519534821e-60	g0	ARPC5L
1.04590067836411e-64	1.08895593424821	0.041	0.019	2.02601420405912e-60	g0	TRG-AS1
1.15703841037839e-64	0.596410877925182	0.123	0.082	2.24129910474398e-60	g0	CAPZB
4.8888399718236e-64	0.633284633686925	0.11	0.071	9.4701719094195e-60	g0	RAP1B
1.48591856928416e-63	0.430955009401163	0.209	0.156	2.87837286056035e-59	g0	SRP14
2.31291579869333e-63	0.312260725695671	0.35	0.285	4.48034919364885e-59	g0	TMA7
4.55219807146519e-63	0.75393719003702	0.079	0.047	8.81806288423521e-59	g0	PVRIG
2.80582428168816e-62	1.01302763398742	0.046	0.023	5.43516221605814e-58	g0	IDH2
3.25305198856589e-61	0.367163535944085	0.292	0.232	6.30148700705099e-57	g0	CALM1
3.42206354703768e-61	1.04999510770487	0.042	0.02	6.62887929696669e-57	g0	CHST12
1.27766850627912e-60	0.737427360184471	0.079	0.048	2.47497166351329e-56	g0	PSMB10
4.92825913859712e-60	0.686000384442394	0.091	0.057	9.54653077737647e-56	g0	DRAP1
5.15792316634049e-60	0.723496716271029	0.081	0.049	9.99141296551816e-56	g0	PPP1R18
1.13733260202451e-57	0.464709540700592	0.174	0.127	2.20312698338168e-53	g0	UBL5
5.65840595452523e-57	0.637348155851022	0.092	0.058	1.09608981745108e-52	g0	FGFBP2
8.61098444160971e-57	0.420369859785001	0.195	0.146	1.66803379618422e-52	g0	IFITM3
9.25127480223771e-57	1.01457622782786	0.041	0.02	1.79206444194147e-52	g0	RAB27A
2.80303392085722e-56	0.508863471705185	0.15	0.107	5.42975700809252e-52	g0	COTL1
1.94718083194435e-55	1.04293443131276	0.038	0.018	3.7718839895594e-51	g0	LOC100996919
5.68909326364041e-55	0.556395250598121	0.118	0.08	1.10203425609978e-50	g0	LITAF
6.01112156860475e-55	0.516634029093991	0.134	0.094	1.16441435905443e-50	g0	LCP1
1.73461767902925e-54	0.819259796024166	0.059	0.034	3.36012790604756e-50	g0	ITGAE
3.77599946883339e-54	1.32462590450404	0.026	0.01	7.31448857107717e-50	g0	HLA-DRB5
9.95945230537986e-54	0.991224853420201	0.041	0.021	1.92924550607513e-49	g0	GPR56
1.85967974799065e-52	0.579645362710156	0.106	0.071	3.60238563983269e-48	g0	PSMB8
3.01036653800197e-52	0.747646805883524	0.069	0.041	5.83138102076362e-48	g0	ZYX
4.61406434115763e-51	0.612959842279079	0.093	0.06	8.93790403525645e-47	g0	SEPT7
7.36902198304114e-50	0.619785210442913	0.086	0.055	1.4274532483349e-45	g0	CD97
2.58279800122e-49	0.588639846891398	0.096	0.064	5.00313800816326e-45	g0	TBC1D10C
5.10156782687573e-49	0.304121380247359	0.352	0.296	9.88224703744097e-45	g0	CD52
7.19893482084764e-49	0.334522385883937	0.237	0.186	1.3945056641464e-44	g0	CD2
9.79823657570754e-49	0.377764086604174	0.212	0.165	1.89801640708031e-44	g0	YWHAZ
1.47795793847607e-48	1.26892452563754	0.024	0.01	2.86295232262199e-44	g0	HAVCR2
2.58216964438501e-48	1.44486082108015	0.02	0.008	5.00192081813821e-44	g0	KRT86
1.03275853806976e-47	1.0918112358822	0.03	0.014	2.00055656409493e-43	g0	PLA2G16
3.67713584093755e-47	0.675859044488483	0.073	0.046	7.12297983748013e-43	g0	CAP1
1.18946337257784e-46	0.7975780158677	0.053	0.031	2.30410949902053e-42	g0	IFI27L2
3.85535464823278e-46	1.18028892043625	0.024	0.01	7.46820748909173e-42	g0	KIR2DL4
4.03706444818806e-46	1.079578470094	0.03	0.014	7.82019754258509e-42	g0	PLEKHF1
2.53745736143457e-45	0.480006828837821	0.114	0.079	4.91530865483491e-41	g0	LINC00152
6.69679855197206e-45	0.709847825684755	0.063	0.039	1.29723684750251e-40	g0	CDK2AP2
6.35044171257116e-44	0.614970220643679	0.082	0.054	1.23014406414216e-39	g0	TRAPPC1
7.54896979543602e-44	0.635857937247111	0.076	0.049	1.46231093907391e-39	g0	PDIA3
7.55823385614231e-44	0.403558763109609	0.166	0.126	1.46410548027333e-39	g0	EMP3
1.45618381265894e-43	0.737068176453457	0.058	0.035	2.82077366350163e-39	g0	BLOC1S1
4.45661492868777e-43	1.2334204747479	0.022	0.009	8.63290877836108e-39	g0	FCRL6
6.89217939088646e-41	0.193755144537606	0.336	0.281	1.33508406980862e-36	g0	CRIP1
1.26379247505165e-40	0.524563199077719	0.1	0.07	2.44809240342254e-36	g0	PARK7
2.09652502790981e-39	0.695248763468275	0.057	0.035	4.0611786315641e-35	g0	UBE2L6
4.91151825410455e-39	0.782759607412425	0.046	0.027	9.51410201002592e-35	g0	PTPN6
5.03284888840305e-39	1.27345977937981	0.019	0.008	9.74913158172554e-35	g0	CD160
2.5769734281896e-38	0.648946617618769	0.063	0.04	4.99185522774608e-34	g0	RUNX3
6.26184052147641e-38	0.815455118866118	0.04	0.023	1.2129811274152e-33	g0	SUPT3H
7.10013277386969e-38	0.646770432247995	0.063	0.04	1.3753667196263e-33	g0	ITM2C
2.80246706835659e-37	0.478913268901744	0.106	0.076	5.42865895811356e-33	g0	POLR2L
3.15999297305068e-37	0.752645325422903	0.047	0.028	6.12122238809648e-33	g0	APMAP
4.1280913857056e-37	0.724829698037545	0.042	0.024	7.99652582325032e-33	g0	FABP5
4.28126757302298e-37	0.96546989845691	0.029	0.015	8.29324341570282e-33	g0	ITGB7
4.96277476399528e-37	0.414590821368491	0.129	0.096	9.61339099533526e-33	g0	TPI1
1.43496069421083e-36	0.421166627465383	0.136	0.102	2.77966236075579e-32	g0	TCEB2
6.56831595879606e-36	1.15910090591257	0.02	0.009	1.27234848437838e-31	g0	HLA-DRB3
1.3466615867427e-35	1.03382391911714	0.024	0.012	2.60861815967928e-31	g0	MT1F
1.95022752943095e-35	0.411259729976599	0.132	0.099	3.77778574726068e-31	g0	ATP5I
3.3806389467609e-35	0.357411260475996	0.16	0.124	6.54863570377053e-31	g0	ARPC1B
6.38391211860201e-35	0.417515863641137	0.133	0.1	1.2366276164944e-30	g0	COX6A1
8.46971298198379e-35	0.490548110061228	0.096	0.069	1.64066810174008e-30	g0	PSMA7
1.12984602363598e-34	1.37493732445336	0.014	0.006	2.18862473238525e-30	g0	KIR3DL2
3.13248752142119e-34	0.580076136005061	0.069	0.046	6.067941577745e-30	g0	RHOC
4.11045322443578e-34	0.95846248922405	0.027	0.014	7.96235894105454e-30	g0	STARD3NL
5.28171729297318e-34	0.473536836299151	0.101	0.073	1.02312145682183e-29	g0	NDUFA3
1.07647940461856e-33	0.802861755392608	0.038	0.022	2.08524825468662e-29	g0	RASSF1
1.23995907796911e-33	0.791123798692785	0.037	0.021	2.40192472993397e-29	g0	FCGR3A
1.73133650425066e-33	0.35419703369586	0.167	0.132	3.35377194238395e-29	g0	CHCHD2
3.65950776701433e-33	0.887564486769315	0.031	0.017	7.08883249548345e-29	g0	THEMIS
7.5006294932065e-33	0.203953661662906	0.319	0.272	1.45294693912903e-28	g0	S100A6
9.66773451141738e-33	0.641812870461818	0.056	0.036	1.87273685220666e-28	g0	PRDX5
1.13375772598744e-32	0.649521453590218	0.054	0.034	2.19620209101027e-28	g0	ARHGAP9
4.51683267424539e-32	0.671524000763299	0.054	0.034	8.74955657328075e-28	g0	KLRC1
7.65484223982891e-32	0.410278299935819	0.12	0.09	1.48281949027726e-27	g0	TPM3
1.0254397019272e-31	0.641466689878919	0.054	0.035	1.98637924660318e-27	g0	RNF167
2.77831889759453e-31	0.644875298284788	0.051	0.032	5.38188153653037e-27	g0	PTPN22
3.79522355642062e-31	0.667527187460025	0.049	0.031	7.35172755114238e-27	g0	C5orf56
4.79071056038967e-31	0.404956807246985	0.122	0.092	9.28008542653082e-27	g0	COX6C
9.0253794225663e-31	1.2363275070464	0.016	0.007	1.74830624794532e-26	g0	CARS
1.49525175976317e-30	0.489995950251614	0.084	0.06	2.89645218383724e-26	g0	GNG2
1.68022838925076e-30	0.684937213653218	0.046	0.029	3.25477041281765e-26	g0	LYST
2.08805832984665e-30	0.623617519093663	0.053	0.034	4.04477779074594e-26	g0	POMP
2.2273534177781e-30	0.635670638540722	0.051	0.033	4.31460630557796e-26	g0	PRKCH
2.45279974313038e-30	0.549539644415247	0.069	0.047	4.75131838241785e-26	g0	MSN
2.74369192894371e-30	0.487194970480133	0.085	0.061	5.31480563555686e-26	g0	ATP5G3
3.61709974943799e-30	0.634166513970177	0.052	0.033	7.00668392463633e-26	g0	PSMB3
4.78794433020502e-30	0.591650412692245	0.058	0.038	9.27472696204014e-26	g0	NDUFB10
6.20314010697559e-30	1.65256219272389	0.009	0.003	1.20161027012224e-25	g0	VCAM1
6.20756294673884e-30	1.0206997171375	0.021	0.011	1.20246701841278e-25	g0	OASL
1.37264793829891e-29	0.563577502782005	0.064	0.043	2.65895632127881e-25	g0	WDR1
1.51242169438007e-29	0.49445551477752	0.082	0.059	2.92971206418364e-25	g0	ATP5J2
2.31553886816845e-29	0.446190012900146	0.098	0.072	4.48543034152911e-25	g0	STK17A
2.34175396786538e-29	0.244443637823014	0.259	0.218	4.53621161115202e-25	g0	PTPRC
1.01297642130508e-28	0.600666229795138	0.054	0.036	1.96223662571008e-24	g0	SPCS2
3.17406488514518e-28	0.481711348130346	0.079	0.056	6.14848108901472e-24	g0	HLA-F
3.74033079836181e-28	0.742851393115779	0.036	0.021	7.24539478950666e-24	g0	GABARAPL1
4.09413858466163e-28	0.417597099857631	0.101	0.076	7.93075585234804e-24	g0	SEPT1
4.13663719893356e-28	0.708174967787111	0.04	0.024	8.0130799180542e-24	g0	RAB1B
4.69750181947217e-28	0.705273274125589	0.039	0.024	9.09953077449954e-24	g0	SPRY1
4.80125326616484e-28	0.700389480657967	0.04	0.024	9.30050770188792e-24	g0	GLIPR2
5.99068604577045e-28	0.757483988868956	0.032	0.018	1.16045579392619e-23	g0	PLEK
6.14180316912395e-28	0.459822213164323	0.086	0.063	1.189728691891e-23	g0	ACTR3
7.42057307634389e-28	0.413204323723674	0.105	0.079	1.43743921061858e-23	g0	LIME1
3.33140100005524e-27	0.905635721418517	0.025	0.013	6.453256877207e-23	g0	TARP
4.79061837671901e-27	0.808494249831825	0.03	0.017	9.2799068575424e-23	g0	PYCARD
6.15027834389413e-27	0.626674077527001	0.048	0.031	1.19137041799573e-22	g0	SIT1
8.56758215470383e-27	0.792844289438152	0.03	0.017	1.65962633918768e-22	g0	SLA2
1.03717584982879e-26	1.26411991305772	0.012	0.005	2.00911333870336e-22	g0	PPAP2A
1.31429404551345e-26	0.836382536979867	0.027	0.015	2.54591899556411e-22	g0	GYG1
1.68467551598672e-26	0.706473818567425	0.036	0.022	3.26338494201787e-22	g0	ACP5
2.43660559123565e-26	0.648289360403754	0.043	0.028	4.71994869078258e-22	g0	SASH3
4.00176923450915e-26	0.675347725771741	0.039	0.025	7.75182718416768e-22	g0	AOAH
5.05281817268692e-26	0.565689384408577	0.055	0.038	9.78781408231184e-22	g0	SHISA5
5.4035734075011e-26	0.280655100174882	0.198	0.164	1.04672620476704e-21	g0	HMGB1
6.13036508707943e-26	1.42684941309583	0.01	0.004	1.18751302101816e-21	g0	CD244
6.65393095531066e-26	0.642319220288762	0.045	0.029	1.28893296535323e-21	g0	MATK
6.86170782754595e-26	0.676011644348065	0.039	0.024	1.32918142327393e-21	g0	SAMD3
7.49336912909596e-26	0.352186521692804	0.197	0.164	1.45154053399718e-21	g0	GZMK
9.03412695936842e-26	0.524047256428581	0.063	0.044	1.75000073329926e-21	g0	ANXA6
1.29260080169904e-25	1.64826472972788	0.008	0.002	2.50389701297122e-21	g0	LOC101927369
2.94454293764792e-25	0.522206387010228	0.062	0.043	5.70387412451779e-21	g0	BUB3
4.11133971028857e-25	0.768666904487547	0.03	0.018	7.9640761528e-21	g0	PELO
7.59749969747214e-25	0.535887788905309	0.057	0.04	1.47171166639733e-20	g0	ISG15
1.51870924933764e-24	0.869293069715323	0.023	0.013	2.94189168689195e-20	g0	SH3BP1
1.97800938582185e-24	0.485799073713132	0.066	0.047	3.8316019812755e-20	g0	FKBP1A
2.04154405685298e-24	0.797055342477417	0.027	0.016	3.95467499252991e-20	g0	TOX
2.72041625654083e-24	0.83584293604068	0.025	0.014	5.26971833054524e-20	g0	PARVG
6.26313391321009e-24	0.612861398705776	0.043	0.028	1.21323167032793e-19	g0	CXCR6
6.85707466180415e-24	0.426120963173313	0.056	0.039	1.32828393273808e-19	g0	MT1X
8.40591140103706e-24	0.604179398463506	0.046	0.031	1.62830909749489e-19	g0	CAPG
9.17891835308314e-24	0.461232407121491	0.076	0.056	1.77804827417574e-19	g0	ROMO1
1.22121955169547e-23	0.398104396414544	0.095	0.072	2.36562439358929e-19	g0	CD53
1.56178003515627e-23	0.408357571023861	0.094	0.071	3.02532410610121e-19	g0	UQCR10
1.8992900667083e-23	0.394636266817659	0.095	0.072	3.67911478822065e-19	g0	KRTCAP2
3.7515109074122e-23	0.476890095595423	0.067	0.048	7.26705177874817e-19	g0	HCLS1
4.53655676287087e-23	0.893654974166865	0.021	0.011	8.78776410535717e-19	g0	DUSP23
6.94220338655829e-23	0.177631176525472	0.293	0.255	1.34477421801021e-18	g0	UBB
7.48240158317542e-23	0.340353652479764	0.123	0.098	1.44941601067691e-18	g0	CALM2
9.34259192553821e-23	0.425208432777611	0.082	0.061	1.80975348189601e-18	g0	ATPIF1
1.01548753534648e-22	0.558504992177388	0.049	0.034	1.96710090471967e-18	g0	ECH1
1.05582514138932e-22	0.733006183575269	0.03	0.018	2.04523888138526e-18	g0	SDF2L1
1.0637934393074e-22	1.11158504848948	0.014	0.006	2.06067427128237e-18	g0	PPP2R2B
1.13334629407396e-22	0.619812090388078	0.04	0.026	2.19540510625068e-18	g0	STOM
1.39003983715237e-22	0.361328577026642	0.107	0.083	2.69264616854785e-18	g0	ITM2A
1.47395529335421e-22	0.351880210689518	0.118	0.093	2.85519879875644e-18	g0	COX7A2
2.62563558838285e-22	0.452656261796812	0.07	0.051	5.08611869825642e-18	g0	LCP2
2.78295548074052e-22	0.288948055407033	0.161	0.132	5.39086306174246e-18	g0	UQCR11
2.89112232929698e-22	0.562128271731249	0.045	0.03	5.60039306408118e-18	g0	PDCD1
4.86017933895545e-22	0.405905680460268	0.088	0.066	9.41465339749061e-18	g0	NDUFB2
4.86201601655905e-22	0.381174951556976	0.097	0.075	9.41821122567654e-18	g0	USMG5
6.04066646825399e-22	0.488705035847074	0.06	0.042	1.17013750156548e-17	g0	ANXA2
6.54738648826066e-22	0.490679275990465	0.061	0.044	1.26829423664097e-17	g0	SNRPB
8.48310472689626e-22	0.676015566425603	0.033	0.021	1.64326221664707e-17	g0	AMICA1
1.08879259919805e-21	0.371294457326937	0.099	0.076	2.10910014390654e-17	g0	C19orf43
1.28196235317626e-21	0.390071867634247	0.089	0.068	2.48328927433774e-17	g0	NDUFA1
1.51042734226307e-21	0.330397265174274	0.124	0.099	2.92584880469779e-17	g0	COX6B1
1.80981270242528e-21	0.651555700270522	0.036	0.023	3.50578818586802e-17	g0	PSMA5
2.02134029130202e-21	0.581471044583357	0.042	0.028	3.91553827828113e-17	g0	SIRPG
2.93812170225014e-21	0.471119680023343	0.062	0.045	5.69143554942875e-17	g0	SHFM1
3.04392665908728e-21	0.446495465101203	0.071	0.052	5.89639033131797e-17	g0	HNRNPF
3.4306899852906e-21	0.457670589841197	0.064	0.047	6.64558957050641e-17	g0	ARF5
4.39870497266344e-21	0.467002224055932	0.063	0.046	8.52073140254635e-17	g0	NEDD8
4.87714801286815e-21	0.48114384572632	0.061	0.044	9.4475234157269e-17	g0	BST2
4.96966731280144e-21	0.375663432499729	0.097	0.075	9.62674255162766e-17	g0	PGK1
5.00969258063163e-21	0.863581983473991	0.021	0.011	9.70427549794152e-17	g0	TMIGD2
7.95267054773764e-21	0.697835942320014	0.029	0.018	1.54051181180226e-16	g0	C20orf24
8.1454088323998e-21	0.816517257460638	0.022	0.013	1.57784714492417e-16	g0	TBCD
8.3067000053256e-21	0.85699380476488	0.02	0.011	1.60909085803162e-16	g0	EOMES
9.61031792141395e-21	0.586470878092695	0.041	0.027	1.8616146845571e-16	g0	BIN1
1.06054064355444e-20	0.735863136401127	0.026	0.016	2.05437328062931e-16	g0	MYO1G
1.21434396809312e-20	0.654058850730051	0.033	0.021	2.35230570059317e-16	g0	PIN1
1.28996822723842e-20	0.508907994002453	0.053	0.037	2.49879745298355e-16	g0	DHRS7
1.34660907078054e-20	0.663308946567825	0.032	0.02	2.60851643100898e-16	g0	SCP2
1.382561223835e-20	0.69356416541757	0.029	0.018	2.67815934669078e-16	g0	TWF2
1.61381455999749e-20	0.949220956485993	0.016	0.009	3.12612018417115e-16	g0	CX3CR1
2.25267861711188e-20	1.6742869638786	0.006	0.002	4.36366374920742e-16	g0	IFITM10
2.34105830304918e-20	0.545218769889047	0.047	0.032	4.53486403883656e-16	g0	TAP1
3.63715158027903e-20	0.396990124402717	0.082	0.062	7.04552632615852e-16	g0	ATP6V0E1
4.76243523830484e-20	0.365239467875902	0.093	0.072	9.22531330012031e-16	g0	TRMT112
5.07946122885687e-20	0.511629833292847	0.05	0.035	9.83942434641864e-16	g0	NDUFA6
5.98587626251508e-20	0.437595794559823	0.067	0.05	1.1595240908118e-15	g0	NDUFB8
6.64968274966226e-20	0.325703721220388	0.113	0.09	1.28811004543708e-15	g0	VAMP2
6.83628979184332e-20	0.389781570547085	0.085	0.065	1.32425769557797e-15	g0	PRR13
7.30675705110743e-20	0.524705162097574	0.047	0.032	1.41539190837002e-15	g0	MRPL41
7.3739550986998e-20	0.665843231487439	0.03	0.019	1.42840884216914e-15	g0	KLRF1
7.93823287604053e-20	0.478444006391322	0.057	0.041	1.53771509041781e-15	g0	RBX1
9.47460311467662e-20	0.635728048882716	0.034	0.022	1.83532536934401e-15	g0	NDUFA12
1.1328542775498e-19	0.387983053488333	0.084	0.064	2.19445202104173e-15	g0	PET100
1.1436958230963e-19	0.482011948738989	0.056	0.04	2.21545317891984e-15	g0	OSTF1
1.26137075456283e-19	0.612089709816472	0.035	0.023	2.44340128866366e-15	g0	CISH
1.30447552620489e-19	0.569714460666087	0.04	0.027	2.5268995418115e-15	g0	CSK
1.33616564375784e-19	0.638428848944643	0.032	0.02	2.58828646852331e-15	g0	TSEN54
1.61984777110545e-19	0.96688257091654	0.015	0.008	3.13780711740837e-15	g0	APOBEC3H
1.73454808955542e-19	0.490369150552608	0.053	0.038	3.3599931042778e-15	g0	ATP5J
2.09331540337381e-19	0.222847812619987	0.216	0.186	4.0549612678754e-15	g0	ATP5L
2.59036164407068e-19	0.420054156424325	0.069	0.052	5.01778954072932e-15	g0	ARHGDIA
2.84460044444179e-19	0.806014973827351	0.021	0.012	5.51027552092819e-15	g0	MAD2L2
5.02558853345007e-19	0.522454035056827	0.046	0.032	9.73506754814614e-15	g0	REEP5
5.38359441005101e-19	0.277654290865651	0.15	0.124	1.04285607317098e-14	g0	SUMO2
5.86308248036213e-19	0.524010049486606	0.046	0.032	1.13573770727095e-14	g0	FAM49B
6.11308301072478e-19	0.388157255381737	0.081	0.062	1.1841653100075e-14	g0	GIMAP7
6.34767280991522e-19	0.61088582988979	0.034	0.022	1.22960770000868e-14	g0	MIEN1
6.45532465699351e-19	0.802597781260614	0.02	0.012	1.25046093930621e-14	g0	MAPK1
7.52626038566851e-19	0.415460084421727	0.069	0.051	1.45791189930785e-14	g0	WDR83OS
1.04592543071789e-18	0.503185240276524	0.049	0.034	2.02606215184363e-14	g0	BIN2
1.09270121139103e-18	0.5873867450076	0.036	0.024	2.11667151658557e-14	g0	RBCK1
1.09813865294918e-18	0.658579699011612	0.029	0.018	2.12720438462785e-14	g0	ACTN4
1.96310317972464e-18	0.535048153610249	0.043	0.03	3.8027271694446e-14	g0	ARRB2
2.08599679730515e-18	0.697977500975957	0.027	0.016	4.04078439605981e-14	g0	AGTRAP
2.69282389076766e-18	0.323993117722112	0.104	0.083	5.21626915880604e-14	g0	NDUFA13
2.79082464222875e-18	0.704923218393763	0.025	0.016	5.40610641446131e-14	g0	HSPB11
4.18484081275834e-18	0.496419260680677	0.048	0.034	8.10645513839417e-14	g0	HMGN3
4.53406198389489e-18	0.58942593537053	0.035	0.023	8.7829314690028e-14	g0	BANF1
4.57965460390909e-18	0.368118980242602	0.087	0.068	8.87124893323231e-14	g0	CNN2
5.57953929988787e-18	0.419265808400204	0.068	0.051	1.08081255778128e-13	g0	VAMP8
6.70310431952856e-18	0.889821389438374	0.016	0.009	1.29845833773588e-13	g0	VPS26A
7.24762332182778e-18	0.667781964984027	0.027	0.017	1.40393711367126e-13	g0	COMMD7
7.46143069763512e-18	0.600529212694477	0.033	0.022	1.4453537404389e-13	g0	GPI
7.79868203693865e-18	0.569117595269469	0.037	0.025	1.51068269737539e-13	g0	RASAL3
7.815682739713e-18	0.716667526576355	0.024	0.015	1.51397590350981e-13	g0	SRRT
1.43946308140914e-17	0.97281778220112	0.014	0.007	2.78838393499765e-13	g0	APOBEC3C
1.67646314902836e-17	0.557716205250855	0.037	0.025	3.24747676598283e-13	g0	ENSA
1.76179917582686e-17	0.220148163987748	0.204	0.175	3.41278118349422e-13	g0	OST4
1.97866424544704e-17	0.42834987609212	0.06	0.044	3.83287050985547e-13	g0	ZAP70
2.03814157309471e-17	0.478911068666971	0.049	0.035	3.94808404124176e-13	g0	MYEOV2
2.5957289974546e-17	0.922174701332307	0.015	0.008	5.02818664096931e-13	g0	TTC38
3.72094389751797e-17	0.351086729504255	0.076	0.059	7.20784042388206e-13	g0	RHOB
3.92441443429591e-17	0.511517529437608	0.043	0.03	7.60198320067461e-13	g0	PRDX6
4.29972096001687e-17	0.4964396852809	0.045	0.032	8.32898947164869e-13	g0	MEAF6
4.86432456109501e-17	0.562378866388453	0.035	0.024	9.42268310729714e-13	g0	APBB1IP
4.87624306686124e-17	0.738106454471684	0.022	0.014	9.44577044481691e-13	g0	PTGDR
5.12537561902044e-17	0.533505349325257	0.04	0.028	9.9283651116045e-13	g0	NDUFS8
5.69684153929506e-17	0.795370202286962	0.018	0.011	1.10353517457685e-12	g0	GRAP2
5.79471017091044e-17	0.515171887030318	0.042	0.03	1.12249330720706e-12	g0	NDUFS7
8.20103171621256e-17	0.760459313030824	0.019	0.011	1.58862185374754e-12	g0	CISD3
8.50818325830487e-17	0.306919625990987	0.107	0.087	1.64812017896624e-12	g0	RNASEK
9.9840676495882e-17	2.13466866160252	0.003	0.001	1.93401374440173e-12	g0	TTC24
1.066973368987e-16	0.255111329675888	0.15	0.126	2.06683411306472e-12	g0	PCED1B-AS1
1.08786464912406e-16	0.396502386217056	0.069	0.053	2.10730261181823e-12	g0	ARF6
1.16113118318e-16	0.528399180287962	0.04	0.028	2.24922721493798e-12	g0	PYHIN1
1.22203870906608e-16	0.913873025200399	0.014	0.007	2.3672111833319e-12	g0	DDAH2
1.26666683290631e-16	0.580883041768248	0.034	0.023	2.45366032202281e-12	g0	IKZF3
1.44346331944154e-16	0.439655093812932	0.055	0.04	2.7961327960902e-12	g0	RALY
1.71105358884184e-16	0.517730716595191	0.04	0.028	3.31448190694553e-12	g0	RNF7
1.89107312797974e-16	0.467386382668037	0.049	0.035	3.66319775620956e-12	g0	CLEC2D
1.89896788451646e-16	0.571135594851356	0.034	0.023	3.67849068909683e-12	g0	ARPC4
1.99355159903924e-16	0.565005297264244	0.034	0.023	3.86170880249891e-12	g0	C19orf66
2.51901344242692e-16	0.471186680837979	0.049	0.036	4.87958093932519e-12	g0	BSG
3.0142307596604e-16	0.968770532523779	0.012	0.006	5.83886640453817e-12	g0	RIN3
4.09598392791587e-16	0.523719457225405	0.037	0.025	7.93433046676584e-12	g0	ANXA2R
4.20562631652772e-16	1.07670144456101	0.01	0.005	8.14671873774585e-12	g0	SNAP47
4.69760520282619e-16	2.5093115732878	0.002	0	9.09973103839462e-12	g0	FAM163B
4.85604687833033e-16	0.618136234191415	0.028	0.019	9.40664840801368e-12	g0	CHMP4A
5.29417179293499e-16	0.350094883794202	0.084	0.067	1.02553401800944e-11	g0	SAMSN1
5.38730977912883e-16	0.348276530627376	0.083	0.065	1.04357577731505e-11	g0	CDC42
6.46371402294226e-16	1.19490268504613	0.008	0.004	1.25208604338415e-11	g0	FBXO6
6.53590896562325e-16	1.03265616760983	0.011	0.006	1.26607092573088e-11	g0	CLECL1
6.61750134835818e-16	0.489713694135008	0.043	0.031	1.28187618619046e-11	g0	MBP
7.18310964245246e-16	0.437459072919961	0.053	0.039	1.39144016883947e-11	g0	NOP10
9.02098134082125e-16	0.442288889736378	0.051	0.038	1.74745429553049e-11	g0	CBLB
1.07128766613858e-15	0.410658959722385	0.062	0.047	2.07519133807704e-11	g0	BAX
1.17395956673046e-15	0.743450282850023	0.02	0.012	2.27407707671358e-11	g0	PHYKPL
1.21051737512677e-15	0.371822000684421	0.069	0.053	2.34489320735807e-11	g0	CALM3
1.45556571771241e-15	0.772893595389657	0.017	0.01	2.81957635178071e-11	g0	IFI35
1.83200041443433e-15	0.901869017202904	0.014	0.007	3.54876800280074e-11	g0	GALNT2
1.89991567043319e-15	0.79356246503129	0.017	0.01	3.68032664519614e-11	g0	FDPS
1.91063445300135e-15	0.678710534029205	0.023	0.015	3.70108999890891e-11	g0	TAP2
2.08205006929566e-15	0.561361516497871	0.034	0.023	4.03313918923263e-11	g0	DCTN3
2.0862368012639e-15	0.555364153618508	0.033	0.022	4.04124930772831e-11	g0	NT5C
2.36904689000055e-15	0.612019370476077	0.027	0.018	4.58908073062006e-11	g0	FERMT3
2.46884134879776e-15	0.462375846724968	0.054	0.04	4.78239257675615e-11	g0	ARL6IP1
2.73020813975275e-15	0.597071051743028	0.028	0.019	5.28868618751506e-11	g0	SURF4
2.75459361620307e-15	0.396371302577678	0.063	0.048	5.33592329394696e-11	g0	CSNK2B
2.9972130600084e-15	0.490474622874484	0.041	0.029	5.80590141854227e-11	g0	ANXA5
3.46871729428014e-15	0.299029855646501	0.106	0.086	6.71925227075006e-11	g0	COX8A
3.53582857192178e-15	0.394108011898227	0.062	0.047	6.84925352666968e-11	g0	LSM7
3.67344685827043e-15	0.481096457572194	0.043	0.031	7.11583390915565e-11	g0	NAA38
3.71781926569968e-15	0.449362666422897	0.048	0.035	7.20178769958684e-11	g0	SRI
3.7917537362721e-15	0.325808580262962	0.088	0.07	7.34500616253268e-11	g0	RBM8A
3.93585368000014e-15	0.360074156517808	0.072	0.056	7.62414216352827e-11	g0	GNG5
4.13472146518612e-15	0.711230554021012	0.019	0.011	8.00936895021204e-11	g0	CRTAM
5.65427468848945e-15	0.383929688388835	0.065	0.05	1.09528954990729e-10	g0	ATP5D
7.08669128656566e-15	0.329092068138649	0.085	0.068	1.37276296912063e-10	g0	GIMAP4
7.34623243867793e-15	0.695187850789549	0.02	0.013	1.4230386856963e-10	g0	RAB24
7.57305814843649e-15	0.570843075610173	0.03	0.02	1.46697709393363e-10	g0	BTN3A2
7.61410028456167e-15	0.850238281807593	0.014	0.008	1.47492736612244e-10	g0	EBP
7.73817492189372e-15	0.69959302990955	0.02	0.012	1.49896186412003e-10	g0	PTPRA
8.80770955554018e-15	0.568767101556761	0.03	0.021	1.70614141800369e-10	g0	LSM2
8.95214988584906e-15	0.368109619721202	0.07	0.054	1.73412095438782e-10	g0	HNRNPA3
9.24721976501621e-15	0.434300687656025	0.051	0.038	1.79127894068129e-10	g0	PRELID1
9.89006783911396e-15	1.68988381892962	0.004	0.001	1.91580504111476e-10	g0	ETV1
1.00380071911068e-14	0.740441648815126	0.019	0.011	1.94446237298929e-10	g0	S1PR5
1.02940774685296e-14	0.468019954126247	0.044	0.032	1.99406574642887e-10	g0	PTP4A2
1.16397715559702e-14	0.43231762573534	0.049	0.036	2.25474014810699e-10	g0	KRT10
1.19924113845544e-14	0.696281590127771	0.021	0.013	2.32305000930204e-10	g0	C6orf1
1.54788668037475e-14	0.28754420938537	0.089	0.071	2.99841128855393e-10	g0	ID2
1.59879575534276e-14	0.557790891013048	0.032	0.022	3.09702725767445e-10	g0	CAPZA1
1.66855723826899e-14	0.432366418063394	0.049	0.036	3.23216222625086e-10	g0	ERH
1.80356858404819e-14	0.529181880879269	0.034	0.024	3.49369270415976e-10	g0	POLR2G
2.12467096792582e-14	0.92569675602839	0.012	0.006	4.11570013196911e-10	g0	PPP5C
2.20497653038268e-14	0.37125708713251	0.065	0.05	4.27126003700428e-10	g0	CSTB
2.38695910442782e-14	0.424657200182163	0.051	0.038	4.62377848118713e-10	g0	SH2D1A
2.47217661203356e-14	0.965875629650125	0.011	0.005	4.78885331517021e-10	g0	G6PD
2.6814894855105e-14	0.903947880506922	0.012	0.006	5.19431328238238e-10	g0	TRPV2
2.8718576704316e-14	0.575294687127688	0.028	0.019	5.56307549339305e-10	g0	AP2M1
2.87839951000156e-14	0.484541356939642	0.039	0.028	5.57574769082401e-10	g0	PSTPIP1
3.19028749827379e-14	0.506857060987478	0.036	0.025	6.17990591290615e-10	g0	NDUFS6
3.24819858617232e-14	0.446763427626981	0.043	0.032	6.29208548127441e-10	g0	NDUFB7
3.36619394734756e-14	0.418865933927059	0.053	0.04	6.52065429540696e-10	g0	ARPC5
3.62067002345893e-14	0.448643569607819	0.045	0.033	7.01359990244229e-10	g0	ANAPC11
4.18856175061647e-14	0.559464150327758	0.029	0.02	8.11366296711917e-10	g0	CYFIP2
4.79938066620987e-14	0.277385851434143	0.107	0.088	9.29688028851513e-10	g0	NDUFA4
5.07367028535669e-14	0.533117039366595	0.032	0.022	9.82820670976445e-10	g0	TMEM179B
5.3001930442498e-14	0.301382663618095	0.087	0.07	1.02670039460163e-09	g0	H3F3AP4
5.77369073996956e-14	0.569422512164446	0.028	0.019	1.1184216332395e-09	g0	PSMB2
7.32376698772838e-14	0.568868417968256	0.028	0.019	1.41868690319286e-09	g0	TPST2
7.40437487603225e-14	0.648373421090645	0.022	0.014	1.43430145723621e-09	g0	KRAS
1.11913930734502e-13	0.377051850175841	0.06	0.046	2.16788475225805e-09	g0	SNRPG
1.21387405672071e-13	0.830746354769471	0.013	0.008	2.35139543527369e-09	g0	CD2BP2
1.27529494628212e-13	0.474421472745544	0.039	0.028	2.47037384044309e-09	g0	SELT
1.37328187779766e-13	0.343860048424796	0.071	0.056	2.66018432548185e-09	g0	FYN
1.46869411839345e-13	0.244277035370313	0.114	0.095	2.84500737673996e-09	g0	SSR4
1.59480412224915e-13	0.528589122630749	0.031	0.022	3.08929506520884e-09	g0	MAGOH
1.60897704686236e-13	0.332777150361675	0.076	0.06	3.11674943747707e-09	g0	ARF1
1.71910219307264e-13	0.564435473247907	0.027	0.018	3.33007285820102e-09	g0	NDUFB3
1.85166978512098e-13	0.363791449472338	0.063	0.049	3.58686954075784e-09	g0	UQCRQ
1.96724532923222e-13	0.484886050573683	0.037	0.027	3.81075092725574e-09	g0	PDIA6
1.98852460608728e-13	0.527031778571145	0.032	0.022	3.85197101445168e-09	g0	SNRPD1
2.41333570046333e-13	0.583633604672677	0.025	0.017	4.67487258536752e-09	g0	CMC2
2.5211995989965e-13	0.572409354968483	0.026	0.018	4.88381574321612e-09	g0	ZEB2
2.70563409143211e-13	0.507561212355087	0.033	0.023	5.24108379851314e-09	g0	GPS2
3.21813907988276e-13	0.650872305550505	0.021	0.013	6.23385721164089e-09	g0	CARHSP1
3.30191461880867e-13	0.923002646859127	0.011	0.006	6.39613880809427e-09	g0	FAM3C
3.51174031109627e-13	0.494025501961126	0.035	0.025	6.80259215662459e-09	g0	MFSD10
3.74807125307196e-13	0.306191070678763	0.083	0.067	7.2603888243257e-09	g0	CD96
4.40835655052669e-13	0.442945099284659	0.042	0.031	8.53942747402526e-09	g0	SNRPD3
4.57514646079404e-13	0.498311775652451	0.034	0.024	8.86251620920413e-09	g0	HMOX2
4.97968730834742e-13	0.455000453409977	0.039	0.028	9.64615228499978e-09	g0	DEF6
5.13871924676306e-13	0.47081722329995	0.038	0.027	9.95421305290473e-09	g0	MDH2
5.70737175339267e-13	0.552081569629205	0.027	0.019	1.10557498234969e-08	g0	ADRM1
5.97602171354138e-13	0.408353069478438	0.048	0.036	1.1576151661301e-08	g0	FKBP8
6.42069346035565e-13	0.530640271207013	0.03	0.021	1.24375253020549e-08	g0	CHCHD10
6.6850733080539e-13	0.244528062550871	0.12	0.101	1.29496555050312e-08	g0	HMGN2
6.72706287463443e-13	0.412707621245196	0.046	0.034	1.30309934944544e-08	g0	TBCB
7.52264034668118e-13	0.385126000876933	0.053	0.04	1.45721066155561e-08	g0	SCAND1
7.77173214209551e-13	0.733473087477304	0.016	0.009	1.50546223324532e-08	g0	MPC1
8.50552783587369e-13	0.36420232959856	0.059	0.046	1.64760579708709e-08	g0	TAPBP
8.91684235027781e-13	0.611273984233255	0.022	0.014	1.72728153167232e-08	g0	SRSF9
8.98455487581133e-13	0.663226063867977	0.019	0.012	1.74039812499341e-08	g0	ITGB1BP1
9.2569380984731e-13	0.387872274454491	0.053	0.04	1.79316147905522e-08	g0	PSMB1
9.56518834711055e-13	0.397281391174281	0.051	0.039	1.85287263471878e-08	g0	SRP9
9.74160883864489e-13	0.324544650324564	0.064	0.051	1.8870470481339e-08	g0	HSPA5
9.90803217903745e-13	0.350982645438545	0.063	0.05	1.91928491340134e-08	g0	BRK1
1.02881846577958e-12	0.529351952444619	0.028	0.019	1.99292425006162e-08	g0	ITGAL
1.13991591644884e-12	0.359334190121188	0.06	0.047	2.20813112175304e-08	g0	HLA-G
1.17130258644519e-12	0.351009471276228	0.063	0.05	2.26893024020299e-08	g0	SKAP1
1.2318242154462e-12	0.629521951325819	0.021	0.013	2.38616668774083e-08	g0	RGL4
1.4012941400918e-12	0.581785240318687	0.024	0.016	2.71444687877182e-08	g0	TLN1
1.48210363032035e-12	0.341560093786831	0.066	0.052	2.87098294229354e-08	g0	WIPF1
1.56753737230474e-12	0.756998014788159	0.014	0.009	3.03647664389151e-08	g0	C1orf21
1.93567348155449e-12	0.498742331577613	0.032	0.022	3.74959310111921e-08	g0	PRKACB
1.99052568085171e-12	0.408641794623152	0.047	0.035	3.85584729637785e-08	g0	DYNLRB1
1.99921021088408e-12	0.476824054761332	0.031	0.022	3.87267009950355e-08	g0	PTTG1
2.00161382947484e-12	0.910957305198535	0.01	0.005	3.87732614907572e-08	g0	SKA2
2.01976051455957e-12	0.409118010188092	0.047	0.035	3.91247809275334e-08	g0	UBE2I
2.1861838433291e-12	0.815806258904577	0.013	0.007	4.23485672291281e-08	g0	FBXO44
2.25790360142668e-12	0.228504193334865	0.124	0.105	4.37378506632362e-08	g0	YWHAB
2.49702565980275e-12	0.449970020760852	0.039	0.029	4.83698840560391e-08	g0	AIP
2.52995239179141e-12	0.369919910922773	0.055	0.043	4.90077077813915e-08	g0	COPE
2.70581710544412e-12	0.594881362119968	0.022	0.015	5.24143831495581e-08	g0	ARHGAP30
2.71020886083328e-12	0.542538807152794	0.027	0.018	5.24994558432014e-08	g0	DNAJC8
2.89410125579829e-12	0.610456906414366	0.021	0.014	5.60616354260687e-08	g0	PTPN4
2.98517298687703e-12	0.340068374807558	0.062	0.049	5.7825785928795e-08	g0	RNF213
3.04735071494293e-12	0.459125816119584	0.035	0.025	5.90302306991595e-08	g0	NCR3
3.06960668348337e-12	0.309274873786055	0.078	0.063	5.94613510657564e-08	g0	SEC61G
3.12849415724289e-12	0.537779841246854	0.027	0.018	6.0602060319952e-08	g0	IRF9
3.76643991684049e-12	0.272500646907332	0.095	0.079	7.29597076291171e-08	g0	HNRNPK
3.80045854791933e-12	0.643947534762762	0.019	0.012	7.36186825317453e-08	g0	PHB
4.59414060701403e-12	0.607852378263431	0.021	0.014	8.89930976984688e-08	g0	PSMD13
5.3509362043711e-12	0.504977425948895	0.03	0.021	1.03652985214873e-07	g0	TMEM160
5.70558468516109e-12	0.468091083787359	0.034	0.025	1.10522880936255e-07	g0	PSMB6
6.6848218292175e-12	0.219032230382023	0.133	0.114	1.29491683653772e-07	g0	DAZAP2
7.53753769657621e-12	1.18357826208346	0.006	0.003	1.46009642720378e-07	g0	SYNGR1
7.57678982196982e-12	0.296363860128401	0.08	0.066	1.46769995641377e-07	g0	LAT
8.43385582260247e-12	0.572294309710839	0.024	0.016	1.63372221139632e-07	g0	MLF2
9.75320172809812e-12	0.534510619945809	0.021	0.014	1.88929270674989e-07	g0	MT1E
1.0073215535186e-11	0.900528580283239	0.01	0.005	1.95128258132088e-07	g0	LAYN
1.00793194978037e-11	0.566363395106592	0.024	0.016	1.95246497991956e-07	g0	HM13
1.04344437459914e-11	0.491990017619376	0.03	0.022	2.021256098036e-07	g0	PPP4C
1.04989583509846e-11	0.300991049400806	0.074	0.06	2.03375322216922e-07	g0	SEPW1
1.05533372553967e-11	0.251908389483221	0.101	0.084	2.0442869597429e-07	g0	PCBP1
1.08908468919858e-11	1.36544886843168	0.004	0.002	2.10966595144657e-07	g0	KRT81
1.10340600534526e-11	0.378847181603856	0.052	0.04	2.1374077729543e-07	g0	NDUFB4
1.14670875101874e-11	1.30286069582037	0.005	0.002	2.2212895215984e-07	g0	AKAP5
1.28404678500614e-11	0.809853084734958	0.012	0.007	2.4873270272354e-07	g0	RAB37
1.42088275763171e-11	0.370741275009443	0.049	0.037	2.75239198980838e-07	g0	IL2RB
1.45886007982616e-11	0.370078895935229	0.051	0.039	2.82595786063125e-07	g0	COX7B
1.508585512072e-11	0.473078563516213	0.034	0.025	2.92228099543468e-07	g0	TMEM256
1.52451603777784e-11	0.454188121686338	0.036	0.026	2.95314001677946e-07	g0	PLAC8
1.71897527400984e-11	0.700350817980691	0.015	0.01	3.32982700328447e-07	g0	MAGED2
1.73295359073401e-11	0.357945827809893	0.055	0.043	3.35690440061085e-07	g0	TMEM50A
1.89318392018422e-11	0.33965318626228	0.06	0.047	3.66728657178885e-07	g0	DAD1
2.04700843539231e-11	0.715496310915578	0.014	0.009	3.96526004019844e-07	g0	FASLG
2.15131205723856e-11	0.696853373744463	0.015	0.01	4.16730658607682e-07	g0	ANXA2P2
2.38813334420596e-11	0.469877353818266	0.032	0.023	4.62605310106137e-07	g0	ATP5EP2
2.42873296470849e-11	0.337483552847885	0.063	0.051	4.70469862593681e-07	g0	VPS28
2.48755076981617e-11	0.792011005735102	0.012	0.007	4.81863459621089e-07	g0	BCAS4
2.57208684579109e-11	0.420474771091686	0.039	0.029	4.98238942898193e-07	g0	PA2G4
2.57914974583547e-11	0.373958117060834	0.049	0.038	4.99607097265789e-07	g0	ARL4C
2.66260845126434e-11	0.518806044720511	0.026	0.018	5.15773883094416e-07	g0	SDHAF2
2.66958648110595e-11	0.616184796902823	0.019	0.013	5.17125597255034e-07	g0	LOC102288414
2.7697091644539e-11	0.613580451616423	0.019	0.013	5.36520362246364e-07	g0	SNRPC
2.79318785515127e-11	0.886281031733125	0.01	0.005	5.41068419421352e-07	g0	ASB2
3.04979755455006e-11	0.589048273646766	0.022	0.015	5.90776284291893e-07	g0	PDCL3
3.16770808609917e-11	0.254245527749705	0.085	0.07	6.1361673335827e-07	g0	SAP18
3.22761172310297e-11	0.991264536412897	0.008	0.004	6.25220666882276e-07	g0	PDIA3P1
3.34897734914371e-11	0.644206244534977	0.018	0.011	6.48730402302628e-07	g0	MIB2
3.35922518814889e-11	0.630990129876053	0.018	0.012	6.50715511196321e-07	g0	PSMA4
3.51800848051662e-11	0.384599927759322	0.05	0.039	6.81473422760874e-07	g0	SERBP1
3.64290103111096e-11	0.429263966029128	0.037	0.028	7.05666358736504e-07	g0	DCXR
3.79144598688027e-11	0.436747874162066	0.036	0.027	7.34441002118577e-07	g0	RHOF
4.61924925151789e-11	0.441874219910019	0.035	0.026	8.9479477251153e-07	g0	ATP5C1
4.66343698601413e-11	0.340319449369677	0.056	0.044	9.03354378560798e-07	g0	FLNA
4.69891394352048e-11	0.354131885304708	0.056	0.044	9.10226619999353e-07	g0	POLD4
4.74107019994705e-11	1.0042545626389	0.007	0.004	9.18392708431742e-07	g0	KLRAP1
4.79058209002752e-11	0.668822203401791	0.014	0.009	9.2798365665923e-07	g0	CSF1
5.03957914219783e-11	0.598902597607182	0.02	0.013	9.76216875635143e-07	g0	SARNP
5.2370935429521e-11	0.566193239748267	0.022	0.015	1.01447739020525e-06	g0	TIMM17B
5.65057250078641e-11	0.22916510615938	0.108	0.091	1.09457239912734e-06	g0	TUBA4A
5.69554312101808e-11	0.33974621164316	0.058	0.046	1.10328365797241e-06	g0	SYTL3
6.12220709886523e-11	0.47920643814422	0.03	0.022	1.18593273712118e-06	g0	RNF181
6.31466677453843e-11	1.34777784210463	0.004	0.002	1.22321410089584e-06	g0	ANKRD35
6.41558163396444e-11	0.828133757307342	0.011	0.006	1.24276231831525e-06	g0	JAKMIP1
6.4688896838784e-11	0.557996086781647	0.022	0.015	1.25308862066408e-06	g0	PDCD5
6.4798310453592e-11	0.675413336121288	0.015	0.01	1.25520807179653e-06	g0	SDHA
8.03811487600074e-11	0.410598258083079	0.04	0.03	1.5570632326301e-06	g0	ATP6V1F
8.10622932230043e-11	0.349982684750459	0.052	0.041	1.57025768202282e-06	g0	CCDC85B
8.74831949632638e-11	0.529706794038871	0.025	0.017	1.69463696963338e-06	g0	MRPL51
8.92439882041436e-11	0.511791496615911	0.026	0.018	1.72874529550247e-06	g0	SNX17
9.69661652296287e-11	0.626927248544741	0.017	0.011	1.87833158666314e-06	g0	PIN4
9.89274954470307e-11	0.465993271767078	0.031	0.022	1.91632451430443e-06	g0	UQCRFS1
1.02324418543115e-10	0.571071342569266	0.021	0.014	1.98212631159869e-06	g0	COPZ1
1.1184389422616e-10	0.463145542318817	0.03	0.022	2.16652807505494e-06	g0	POLR2E
1.11878095900325e-10	0.27636953766911	0.081	0.067	2.1671905956852e-06	g0	TMBIM6
1.12146700427492e-10	0.318863298546778	0.063	0.05	2.17239373398094e-06	g0	DYNLL1
1.15137891282624e-10	0.363714435956856	0.049	0.038	2.23033609203572e-06	g0	C11orf58
1.2438948471026e-10	0.909665026809531	0.009	0.005	2.40954870832245e-06	g0	CD38
1.26104942516478e-10	0.489721890870057	0.029	0.021	2.4427788414867e-06	g0	VPS29
1.26676515061276e-10	0.707869564402984	0.014	0.009	2.45385077325198e-06	g0	NGDN
1.34361466427506e-10	0.415924451029549	0.037	0.028	2.60271596616721e-06	g0	DOK2
1.3775212550235e-10	0.516080296025042	0.026	0.018	2.66839642310603e-06	g0	RGS19
1.38331279086784e-10	0.586086665886398	0.019	0.013	2.6796152071901e-06	g0	IAH1
1.5014993825792e-10	1.01838456774047	0.007	0.003	2.90855445399418e-06	g0	LOC102724797
1.5258667504075e-10	0.462768987350771	0.03	0.022	2.95575648221438e-06	g0	MED10
1.66154188931691e-10	0.82756013087557	0.01	0.006	3.21857279379578e-06	g0	POP4
1.71072510825725e-10	0.195108266415859	0.157	0.138	3.31384560720513e-06	g0	HNRNPA2B1
1.74458384419232e-10	0.447607973262625	0.033	0.024	3.37943336458494e-06	g0	ZNHIT1
1.77388582242195e-10	1.64663062097574	0.003	0.001	3.43619422661357e-06	g0	CRIM1
1.81459597969561e-10	0.439837515873344	0.033	0.024	3.51505387226837e-06	g0	RPS19BP1
1.82502190189081e-10	0.669082500207349	0.015	0.009	3.5352499261527e-06	g0	ELOVL1
1.8760343968013e-10	0.410934923732454	0.037	0.027	3.6340662300438e-06	g0	DSTN
1.92073356233153e-10	0.396740854116291	0.041	0.031	3.72065298359241e-06	g0	BZW1
2.07855251642647e-10	0.543218058458731	0.023	0.016	4.02636407956972e-06	g0	FAM195B
2.48921363691888e-10	0.947299152262254	0.008	0.004	4.82185573607556e-06	g0	DAPK2
2.49343509111198e-10	0.363309359185894	0.046	0.036	4.83003311499301e-06	g0	TERF2IP
2.49747954974389e-10	0.44124831150427	0.036	0.027	4.83786763580889e-06	g0	MGST3
2.54785500589288e-10	0.450852455479384	0.031	0.023	4.93544993191509e-06	g0	LMAN2
2.57539244332417e-10	0.404445034948671	0.038	0.029	4.98879270196326e-06	g0	SUMO1
2.64053067225041e-10	0.309868940808382	0.064	0.052	5.11497196521628e-06	g0	C4orf3
2.72735897881185e-10	0.756554858574909	0.012	0.007	5.28316707785643e-06	g0	RPS6KA1
2.73661854099878e-10	0.311041946151526	0.063	0.051	5.30110377576873e-06	g0	CD48
2.98843293370527e-10	0.681645256883197	0.014	0.009	5.78889343588048e-06	g0	MRPL28
3.10465383002564e-10	1.43978846880333	0.003	0.001	6.01402493414266e-06	g0	CHN2
3.20922528490318e-10	1.52941914673637	0.003	0.001	6.21659029938595e-06	g0	GPR114
3.43125276721629e-10	0.436195919905491	0.034	0.025	6.64667973537467e-06	g0	RAB11B
3.60029005788567e-10	0.511286515472858	0.024	0.017	6.97412187113032e-06	g0	CCDC12
3.79468278091e-10	0.416950952029589	0.036	0.027	7.35068001490077e-06	g0	PHPT1
3.97896652620432e-10	0.153410779206198	0.238	0.216	7.70765605791039e-06	g0	RGS1
4.33222976043604e-10	0.710945434457451	0.013	0.008	8.39196226894064e-06	g0	LSM1
4.55927504669707e-10	0.324760748185208	0.059	0.047	8.8317716929569e-06	g0	ATP5B
4.76395947398916e-10	0.718151543952427	0.013	0.008	9.2282658970644e-06	g0	ABT1
5.14699811757356e-10	0.426849413095828	0.03	0.022	9.97025005355174e-06	g0	IFI6
5.33530291109141e-10	0.75677029873672	0.011	0.007	1.03350152690752e-05	g0	NFATC3
5.67333200191917e-10	0.305024468315802	0.059	0.047	1.09898114209176e-05	g0	C11orf31
5.98349189673924e-10	0.325418780812463	0.056	0.045	1.15906221531736e-05	g0	SF3B5
6.06965381390396e-10	1.42684941309583	0.003	0.001	1.17575264029134e-05	g0	NCR1
6.17935297416999e-10	0.459586199507827	0.029	0.021	1.19700246462647e-05	g0	HERPUD2
6.26988224185937e-10	0.55445701216544	0.02	0.013	1.21453888907058e-05	g0	VKORC1
6.46442279688858e-10	0.61121393324193	0.017	0.011	1.25222333998529e-05	g0	PCMT1
6.55138590949151e-10	0.478074736451	0.027	0.019	1.2690689645276e-05	g0	IMP3
6.64653365794195e-10	0.911708361872242	0.008	0.004	1.28750003487994e-05	g0	DZIP3
6.67388239548344e-10	0.476616994595751	0.027	0.02	1.2927977588291e-05	g0	ZNF428
6.71828845935286e-10	0.623388407142714	0.016	0.011	1.30139965746124e-05	g0	PSMC3
6.76721219752292e-10	0.469045976750035	0.028	0.02	1.31087667478216e-05	g0	CNPY3
6.90528089974291e-10	0.644850065315117	0.015	0.01	1.3376219630892e-05	g0	SF3B4
7.41996746417565e-10	0.261419330935277	0.086	0.072	1.43732189748546e-05	g0	COX5B
7.75369857782259e-10	0.44477132109309	0.03	0.022	1.50196895151001e-05	g0	PTPN7
7.78108063147943e-10	0.536031223984285	0.021	0.015	1.50727312912388e-05	g0	PDLIM2
8.08495702699844e-10	0.37503581445957	0.042	0.032	1.56613702569987e-05	g0	JTB
8.23913743758081e-10	0.761268452166387	0.011	0.006	1.59600331303378e-05	g0	PRSS23
8.39352439284755e-10	0.382794233017892	0.04	0.031	1.6259096101385e-05	g0	BCAP31
8.48950630818128e-10	0.536832636051706	0.021	0.015	1.6445022669578e-05	g0	NDUFV1
8.81415687003593e-10	0.627762107021824	0.014	0.009	1.70739032729466e-05	g0	CD9
9.2363276676768e-10	0.713153598252468	0.013	0.008	1.78916903250567e-05	g0	KPNA2
9.27631388397416e-10	0.633086066041234	0.016	0.01	1.79691476246464e-05	g0	MANF
9.51094898567086e-10	2.01181191381698	0.002	0	1.8423659280143e-05	g0	ITGAD
9.66818179448125e-10	0.309064436980353	0.06	0.048	1.87282349540896e-05	g0	ACAP1
9.94424769813752e-10	0.697151819393661	0.012	0.008	1.92630022160622e-05	g0	TNIP3
1.01144325619657e-09	0.49106131631293	0.025	0.018	1.95926673157837e-05	g0	CLTA
1.0202536262708e-09	0.269043542795284	0.076	0.063	1.97633329944917e-05	g0	NDUFA11
1.06792392619628e-09	0.547878902944746	0.02	0.014	2.06867543743482e-05	g0	ETFB
1.07695736353519e-09	0.324442264122256	0.054	0.043	2.08617410890401e-05	g0	CD164
1.08361308758663e-09	0.996436687930068	0.007	0.003	2.09906691196405e-05	g0	PRKAR1B
1.10612831517159e-09	0.304717474764753	0.06	0.049	2.14268115931889e-05	g0	C14orf2
1.10763388546614e-09	0.45411627886482	0.028	0.021	2.14559759953647e-05	g0	RNF166
1.15132835300557e-09	1.14464759652408	0.005	0.002	2.23023815260709e-05	g0	DBN1
1.16216641568249e-09	0.157992777284979	0.198	0.178	2.25123256381855e-05	g0	ATP5G2
1.24066056211089e-09	0.287192383180765	0.066	0.054	2.40328357486501e-05	g0	NDUFB11
1.32916546168824e-09	0.883487816841444	0.008	0.004	2.57472641583629e-05	g0	HENMT1
1.34113382606936e-09	0.268139488786725	0.077	0.064	2.59791033447896e-05	g0	HIGD2A
1.3600690186184e-09	0.871788398088534	0.008	0.004	2.63458969596571e-05	g0	NBL1
1.41432284678094e-09	0.193306303971433	0.15	0.132	2.73968478649935e-05	g0	LIMD2
1.47097921153137e-09	0.493432522977121	0.024	0.017	2.84943383065741e-05	g0	LAMTOR5
1.49704473929082e-09	0.342802246813921	0.049	0.039	2.89992536448025e-05	g0	NDUFB9
1.67505110356635e-09	0.751284363593764	0.011	0.007	3.24474149271837e-05	g0	PSMD14
1.72245900031659e-09	0.532171006952049	0.022	0.015	3.33657532951326e-05	g0	NDUFB6
1.73748896301537e-09	0.508592562537364	0.022	0.016	3.36568987025707e-05	g0	STRA13
1.84500333572334e-09	0.75017977121449	0.012	0.007	3.57395596162968e-05	g0	GPR25
1.86245586606926e-09	0.448732530994278	0.029	0.021	3.60776325816276e-05	g0	LPXN
1.88357840171438e-09	0.768032065063135	0.01	0.006	3.64867972196093e-05	g0	APEH
1.90652127478076e-09	0.212192640538985	0.115	0.1	3.69312236137781e-05	g0	EDF1
2.03563588269001e-09	0.67719042573417	0.013	0.008	3.94323026835881e-05	g0	UBE2F
2.05379566913618e-09	0.418644490274104	0.033	0.025	3.9784075906837e-05	g0	AURKAIP1
2.08024867468495e-09	0.34781699311186	0.046	0.036	4.02964970773222e-05	g0	DENND2D
2.08378470017422e-09	0.617833356668303	0.015	0.01	4.03649934270748e-05	g0	TMEM14A
2.19136926761078e-09	0.408659694620557	0.033	0.025	4.24490140828883e-05	g0	NAA10
2.19374096154502e-09	0.345929417712259	0.049	0.039	4.24949561660886e-05	g0	SELPLG
2.21988694282221e-09	0.621144228257315	0.016	0.01	4.30014299694091e-05	g0	TIMM8B
2.23893400858957e-09	0.577716078722455	0.018	0.012	4.33703906803886e-05	g0	UBE2A
2.31457653765954e-09	0.446759956009087	0.028	0.021	4.4835662111003e-05	g0	UBE2L3
2.32222119076417e-09	0.328894198027846	0.051	0.041	4.49837466862928e-05	g0	COX5A
2.69106050762809e-09	0.387449953040877	0.038	0.029	5.21285330932638e-05	g0	WAS
2.75220333598078e-09	0.49793251115731	0.023	0.016	5.33129308212838e-05	g0	PUF60
2.84786699747841e-09	1.11564772480152	0.005	0.002	5.51660316081543e-05	g0	OGG1
2.89069504389023e-09	0.700173078321126	0.012	0.008	5.59956536951976e-05	g0	HSH2D
3.08744974107034e-09	0.652001917617516	0.014	0.009	5.98069889342735e-05	g0	CIAO1
3.15477712909329e-09	0.432848153717271	0.03	0.022	6.1111187767666e-05	g0	C17orf62
3.42175850344838e-09	0.404565358379156	0.033	0.025	6.62828839702986e-05	g0	EWSR1
3.50981481785453e-09	0.178790308915535	0.141	0.124	6.79886228366601e-05	g0	ALDOA
3.51747215159586e-09	0.648697934316167	0.014	0.009	6.81369530485635e-05	g0	ZMAT2
3.67682619328209e-09	0.244130299437463	0.088	0.074	7.12238001900674e-05	g0	TMEM258
3.8356856206089e-09	0.307314692446929	0.055	0.044	7.43010661568151e-05	g0	TMEM59
3.83817434174837e-09	0.246857223097104	0.081	0.068	7.43492751740076e-05	g0	C9orf16
3.85703966025047e-09	0.639344266897245	0.014	0.009	7.47147152587118e-05	g0	OVCA2
3.93923925480044e-09	0.561581187595709	0.018	0.012	7.63070036047393e-05	g0	FIBP
4.00395034751881e-09	0.568687527109653	0.017	0.012	7.75605221817869e-05	g0	DECR1
4.01392730873912e-09	0.849247617325925	0.008	0.005	7.77537858975854e-05	g0	USB1
4.09602196903009e-09	0.388540056198352	0.036	0.027	7.93440415620819e-05	g0	UBE2N
4.38506625800754e-09	0.656918030707909	0.013	0.008	8.49431184838641e-05	g0	SZRD1
4.44556437769218e-09	0.553666692983053	0.019	0.013	8.61150275602752e-05	g0	NENF
4.45868673732326e-09	0.267759027137746	0.061	0.05	8.63692207886888e-05	g0	PGAM1
4.56334234506835e-09	0.744707843674143	0.011	0.007	8.83965045663191e-05	g0	SPNS3
4.79617562984662e-09	0.838302575025633	0.008	0.005	9.29067181257589e-05	g0	SLAMF7
5.03839079374806e-09	0.471703648880088	0.025	0.018	9.75986680656936e-05	g0	CCNDBP1
5.19813754160956e-09	0.354038660478628	0.041	0.032	0.000100693122318519	g0	OTUB1
5.25727087763743e-09	0.374231469434964	0.037	0.029	0.000101838594170715	g0	ATP5F1
5.26116790377959e-09	0.41257528211371	0.032	0.024	0.000101914083464114	g0	CCND2
5.45177256283972e-09	0.570485688532835	0.017	0.012	0.000105606286314768	g0	CYC1
5.55400546416074e-09	0.423821720398259	0.03	0.022	0.000107586639846258	g0	RAB5C
5.98387337820625e-09	0.650069305083517	0.013	0.009	0.000115913611209233	g0	MRPS12
6.04195215484294e-09	0.512665379620074	0.021	0.015	0.000117038655191463	g0	TMX1
6.12881479531647e-09	0.501516212533844	0.021	0.015	0.000118721271400075	g0	PLEKHJ1
6.28202193564579e-09	0.399679211930358	0.033	0.025	0.000121689046915395	g0	ACTR2
6.58153980833436e-09	0.430792282565283	0.029	0.021	0.000127491007627245	g0	RER1
7.24363322499233e-09	0.689883818929621	0.012	0.007	0.000140316419201326	g0	ACTR1A
7.30477718870191e-09	0.43808916419959	0.028	0.021	0.000141500838922345	g0	LSM6
7.32669642140825e-09	0.501935135651982	0.022	0.015	0.000141925436379099	g0	METTL23
7.674624274685e-09	0.658022719974485	0.013	0.008	0.000148665146824923	g0	RBBP7
7.69773683682174e-09	0.366064904583018	0.038	0.029	0.000149112860266074	g0	AUP1
7.75830000538373e-09	0.997165137852583	0.006	0.003	0.000150286029404288	g0	BPGM
7.87702323468165e-09	0.439504713901856	0.028	0.021	0.000152585817079018	g0	C1orf86
7.91305257247162e-09	0.745962492376136	0.01	0.006	0.000153283741381348	g0	N4BP2L1
8.07709454609698e-09	0.635436034907245	0.014	0.009	0.000156461398452445	g0	RBM42
8.34499915355218e-09	1.47467793818644	0.003	0.001	0.000161650978603459	g0	TNFSF4
8.36089401215005e-09	0.523933607652646	0.02	0.014	0.000161958877909359	g0	MPG
8.75608754825658e-09	0.414876771429752	0.03	0.022	0.000169614171897278	g0	SERPINB1
8.8885385864786e-09	0.698011699813021	0.011	0.007	0.000172179880958677	g0	NELFCD
9.53041378378581e-09	1.0483377898421	0.005	0.003	0.000184613645405715	g0	USP28
9.74004967218911e-09	0.373824843977343	0.037	0.029	0.000188674502199975	g0	SSU72
9.79475335951714e-09	0.365183974792205	0.039	0.03	0.000189734167327206	g0	PSMD8
9.85156043071662e-09	0.831544968153212	0.009	0.005	0.000190834577103412	g0	MCM5
1.04450902674981e-08	0.402456387885739	0.031	0.024	0.000202331843571705	g0	STMN1
1.09152655008183e-08	0.508165212448072	0.021	0.015	0.000211439608016351	g0	MDH1
1.10747945059674e-08	0.870700609879408	0.007	0.004	0.000214529844375095	g0	ZNF880
1.13505560834106e-08	0.557105799047169	0.017	0.012	0.000219871621891747	g0	SLC25A39
1.14993161705893e-08	0.394728716190714	0.033	0.025	0.000222753253540485	g0	PSMA1
1.15477668994184e-08	0.451157486499103	0.025	0.018	0.000223691792608634	g0	PDCD6
1.16462207833025e-08	0.347716452132453	0.044	0.034	0.000225598942793352	g0	SUN2
1.18797299969926e-08	0.700667494642862	0.012	0.007	0.000230122249771744	g0	MIF4GD
1.27588910896133e-08	0.471518462429556	0.023	0.017	0.000247152479296899	g0	RBM4
1.28205012180417e-08	0.377919331570014	0.036	0.028	0.000248345929094685	g0	FKBP11
1.29395026964712e-08	0.556617288066157	0.017	0.012	0.000250651106733343	g0	TADA3
1.32415930422609e-08	0.530170881194469	0.018	0.013	0.000256502898821636	g0	PSMD4
1.35490097877925e-08	0.205400978602514	0.101	0.087	0.000262457868599328	g0	CIB1
1.4596399749612e-08	0.644602939628755	0.013	0.008	0.000282746859549735	g0	NMRAL1
1.5304177443421e-08	0.917093256563845	0.007	0.003	0.000296457221256508	g0	CD200R1
1.56772273907614e-08	0.612981184079548	0.014	0.009	0.000303683571786439	g0	PTPLAD2
1.60310463501638e-08	0.274676200549007	0.035	0.027	0.000310537398849024	g0	SPON2
1.7090219499129e-08	0.558032388759202	0.017	0.012	0.000331054641917629	g0	VASP
1.79502361100184e-08	0.46455012228105	0.024	0.017	0.000347714023687167	g0	CASP4
2.00953753849242e-08	0.623388407142714	0.013	0.009	0.000389267516581367	g0	PREX1
2.45240620021384e-08	0.349428421937967	0.041	0.032	0.000475055605043424	g0	COX14
2.46905279340399e-08	0.48113956859678	0.022	0.016	0.000478280216610287	g0	TMUB1
2.49457315513754e-08	0.561116142244068	0.016	0.011	0.000483223765881694	g0	MED15
2.49688008563011e-08	0.314844387582696	0.048	0.038	0.000483670641387409	g0	FAM96B
2.56565738523564e-08	0.495589913986111	0.02	0.014	0.000496993492093995	g0	KXD1
2.58923450676796e-08	0.226430672354914	0.09	0.077	0.000501560616306022	g0	ARL6IP5
2.73118071632163e-08	0.465695464843224	0.023	0.017	0.000529057016558664	g0	GSDMD
2.79918836720573e-08	0.755009461694704	0.009	0.005	0.000542230778611422	g0	PECAM1
2.7993840540449e-08	0.543507891175735	0.017	0.012	0.000542268685109037	g0	NUCB2
2.83394037443578e-08	0.624579780198006	0.013	0.008	0.000548962589931955	g0	SRM
2.86776600656698e-08	0.522167910183232	0.019	0.013	0.00055551495313209	g0	EMC4
2.8924339854932e-08	0.730739948453468	0.01	0.006	0.000560293387329887	g0	UNC50
2.9094570933814e-08	0.555999313485341	0.016	0.011	0.00056359093355891	g0	ATP2A3
2.9219101961388e-08	0.510913677884302	0.02	0.014	0.000566003224094047	g0	RNASEH2C
2.99185756660592e-08	0.385716398662532	0.032	0.024	0.000579552729227233	g0	PSMA2
3.00394841967752e-08	0.20796933686827	0.113	0.099	0.000581894848375732	g0	ISG20
3.04323424970644e-08	0.652062353494654	0.012	0.008	0.000589504906510634	g0	ACAA2
3.07027799218223e-08	0.442134141546771	0.026	0.02	0.000594743549865619	g0	TRAPPC5
3.08154226272268e-08	0.537932251227569	0.017	0.012	0.000596925551712011	g0	ZFAND6
3.38511307828721e-08	1.09311201591883	0.005	0.002	0.000655730254395016	g0	SCCPDH
3.46391153705118e-08	0.897920947289	0.007	0.004	0.000670994303842184	g0	SLC25A20
3.47173457594227e-08	0.401259418694291	0.029	0.022	0.000672509704705776	g0	STUB1
3.53078405337719e-08	1.21479893598084	0.004	0.002	0.000683948178979695	g0	SLC2A8
3.65143833132071e-08	0.569065064195083	0.016	0.011	0.000707320119160135	g0	MRPL4
3.85341093828743e-08	0.749374773585133	0.009	0.006	0.000746444232855659	g0	CAPN1
3.94817233667009e-08	0.465540801543442	0.022	0.016	0.000764800463336362	g0	FAM173A
4.0585129928962e-08	0.555915695263719	0.016	0.011	0.000786174551853922	g0	IRF2
4.06561518704208e-08	1.98324276162021	0.002	0	0.000787550317881922	g0	FAM166B
4.11710051874317e-08	0.658174959202283	0.012	0.007	0.00079752354148574	g0	COMMD8
4.13307739397306e-08	0.488053338333311	0.02	0.014	0.000800618421986521	g0	SAT2
4.14977640265004e-08	0.230702405880464	0.084	0.072	0.000803853186957338	g0	NDUFS5
4.47553025650417e-08	0.24288024947295	0.059	0.049	0.000866954965987423	g0	TUBB
4.60796302814211e-08	0.559405606652529	0.016	0.011	0.000892608518181407	g0	PYCR2
4.62702435870015e-08	0.622320535116986	0.013	0.009	0.000896300888523805	g0	NDFIP2
4.95044163196242e-08	0.582500283556022	0.015	0.01	0.00095895004852744	g0	HDDC2
4.95815068620358e-08	0.606073975275902	0.013	0.009	0.000960443369424496	g0	PIK3CD
5.10505823928403e-08	0.348248197910924	0.039	0.031	0.000988900831531709	g0	EID1
5.53373157231165e-08	0.965944905059655	0.006	0.003	0.00107193914287249	g0	POLR2J4
5.59969269892834e-08	0.626549248572174	0.013	0.008	0.00108471647270941	g0	ABHD17A
5.8104767146185e-08	0.297821808215065	0.05	0.041	0.00112554744438875	g0	TOMM6
5.85566558980181e-08	1.0810745762541	0.004	0.002	0.00113430098140051	g0	CEP78
5.8997612609799e-08	0.325170318371485	0.043	0.035	0.00114284275386442	g0	IQGAP1
6.16158651147906e-08	0.134760332266476	0.225	0.206	0.00119356092313861	g0	MIF
6.33233103023734e-08	0.757296740338638	0.009	0.005	0.00122663584386727	g0	C21orf59
6.36176527215366e-08	0.595556436381468	0.014	0.009	0.00123233755086888	g0	TMBIM1
6.44656786979487e-08	0.403534246328347	0.028	0.021	0.00124876466205796	g0	VAMP5
6.5874048868779e-08	0.38608863449072	0.031	0.024	0.00127604620063712	g0	MRPL20
6.76148577567319e-08	0.741906031277904	0.009	0.005	0.00130976740960565	g0	FUT8
6.91807792209333e-08	0.230729237975422	0.076	0.064	0.0013401008742887	g0	SH2D2A
7.1126940321267e-08	0.492302474584443	0.019	0.014	0.00137779996096326	g0	STXBP2
7.20890060626041e-08	0.320081190488687	0.064	0.054	0.0013964361364387	g0	HMGB2
7.21730941539105e-08	1.57440660150968	0.002	0.001	0.0013980650068554	g0	KIFC3
7.26583974477869e-08	0.509017954676653	0.018	0.013	0.00140746581696108	g0	APOA1BP
7.32484741337339e-08	0.87864546238479	0.006	0.003	0.00141889619244456	g0	LINC01480
7.38664060311359e-08	0.49705841537723	0.019	0.013	0.00143086615122913	g0	VDAC3
7.49402729366353e-08	0.341297968980615	0.039	0.031	0.00145166802705556	g0	SNRPF
7.75134867479741e-08	0.397994550423642	0.031	0.024	0.00150151375179501	g0	GHITM
7.9972887563721e-08	0.636955461104446	0.012	0.008	0.00154915480499684	g0	TSSC4
8.3849708635503e-08	1.80793958045133	0.002	0	0.00162425270597833	g0	SERP2
8.55249169014937e-08	0.609524202283295	0.013	0.008	0.00165670316529883	g0	SNF8
8.63726024120919e-08	0.650921926669302	0.011	0.007	0.00167312368132463	g0	COMMD5
8.85722093781436e-08	0.354621085540649	0.035	0.027	0.00171573226786402	g0	C19orf70
9.01334557345234e-08	0.375941242249326	0.033	0.025	0.00174597517103345	g0	MRPL52
9.28185582836937e-08	0.655059851021939	0.011	0.007	0.00179798829251343	g0	KIF22
9.33780785492459e-08	0.369229973235507	0.035	0.028	0.00180882675957744	g0	ANKRD28
9.36292634385763e-08	2.51995881748731	0.001	0	0.00181369246206866	g0	RAD51AP1
9.41399656768911e-08	0.606483625518068	0.013	0.008	0.00182358527512706	g0	ATP6V0D1
9.41849886179942e-08	0.436009412381304	0.025	0.018	0.00182445741451917	g0	TSC22D4
9.67084089982985e-08	0.409260460336805	0.027	0.02	0.00187333859070604	g0	NDUFA7
9.80641406031346e-08	0.484447332852369	0.019	0.014	0.00189960046762332	g0	SMIM7
9.8420519536508e-08	0.523634475630707	0.016	0.011	0.0019065038839417	g0	TMEM147
9.84762694887918e-08	0.5016171814978	0.018	0.013	0.00190758381626739	g0	UFD1L
1.0160696440518e-07	0.356086765227992	0.033	0.026	0.00196822850749275	g0	BCL3
1.05413876423357e-07	0.388475600849878	0.03	0.023	0.00204197220019685	g0	PFDN2
1.07456776899488e-07	0.920153969171934	0.006	0.003	0.00208154522531998	g0	SRGAP3
1.10353578652062e-07	0.599622344326608	0.013	0.008	0.00213765917206909	g0	AATF
1.12926900800035e-07	0.617349219206666	0.012	0.008	0.00218750699539747	g0	DAXX
1.13563569827214e-07	0.50590322226589	0.018	0.013	0.00219983991112297	g0	TMEM9B
1.14877166533247e-07	0.338319489666005	0.04	0.031	0.00222528559291552	g0	SH3BGRL
1.18336632987883e-07	0.353324314778867	0.035	0.028	0.00229229891760828	g0	NDUFA2
1.19122198730838e-07	0.445201964989689	0.022	0.016	0.00230751611161506	g0	TEX264
1.19307688286446e-07	0.384747580215998	0.027	0.021	0.00231110922979674	g0	HLA-DMA
1.23499441799469e-07	0.850903785732105	0.007	0.004	0.00239230768709751	g0	MEMO1
1.23917667536108e-07	1.06089669431647	0.004	0.002	0.00240040913784194	g0	PIK3AP1
1.26312451949446e-07	0.306939949360631	0.046	0.038	0.00244679850671273	g0	GPR65
1.28612254987807e-07	0.25462686474859	0.061	0.051	0.0024913479913688	g0	ARHGEF1
1.29499092122865e-07	0.55679558566768	0.015	0.01	0.00250852691351202	g0	NUBP2
1.315271253099e-07	0.433652298915011	0.023	0.017	0.00254781194437807	g0	PDAP1
1.46709063642157e-07	0.418992053057593	0.026	0.019	0.00284190127181223	g0	GADD45GIP1
1.49323405848171e-07	0.594437033446585	0.013	0.009	0.00289254369468492	g0	NDUFA9
1.55225459009959e-07	0.47880149273055	0.019	0.014	0.00300687236648192	g0	NUDT21
1.64109145461046e-07	0.345429436753907	0.036	0.028	0.00317895825672592	g0	NUCKS1
1.64553990823156e-07	0.355650492006478	0.032	0.025	0.00318757535623535	g0	NDUFAF3
1.66624003950572e-07	0.482595490674837	0.019	0.014	0.00322767358052653	g0	RAB8B
1.67208225255125e-07	0.304365406570833	0.045	0.036	0.00323899053141703	g0	MAT2B
1.70527566246585e-07	0.352586069600347	0.034	0.027	0.00330328948576261	g0	ZNRD1
1.7308255597281e-07	0.518545103468366	0.017	0.012	0.00335278219174931	g0	SRA1
1.739831680489e-07	0.564191208798859	0.014	0.009	0.00337022794827525	g0	MZT1
1.74370931851557e-07	0.421555113426314	0.025	0.019	0.00337773932089652	g0	POLR3GL
1.75042437098032e-07	0.51995881748731	0.016	0.011	0.00339074704902598	g0	TXNL4A
1.85081701369402e-07	0.652803166877333	0.011	0.007	0.00358521763722669	g0	LPCAT1
1.93518208367776e-07	0.573690801425098	0.014	0.009	0.00374864121429219	g0	RRP7A
1.97487147958301e-07	0.474482059561399	0.021	0.015	0.00382552354310025	g0	ARL6IP6
2.00131481673864e-07	0.735480685369732	0.008	0.005	0.00387674693150443	g0	ATG4D
2.0314172368946e-07	0.3778654488077	0.03	0.023	0.00393505832958852	g0	ATRAID
2.0776120677533e-07	0.437790275906482	0.023	0.017	0.00402454233644491	g0	RAB2A
2.08865148382701e-07	0.437943242979412	0.022	0.017	0.0040459267893213	g0	TOPORS-AS1
2.10353357695442e-07	0.362661424372746	0.034	0.026	0.0040747548919184	g0	TRABD
2.12524799364679e-07	0.494798743588909	0.018	0.013	0.0041168178884932	g0	NUDT22
2.14050458245064e-07	0.584914259328079	0.013	0.009	0.00414637142666514	g0	TNFRSF1A
2.1698232847403e-07	0.615069042657428	0.012	0.008	0.00420316468487044	g0	SUCLG1
2.20883123985213e-07	0.474310766802096	0.019	0.014	0.00427872699471757	g0	SUMO1P3
2.27659116893686e-07	0.805361036349558	0.007	0.004	0.00440998475334758	g0	TRAFD1
2.35850986167077e-07	0.456756638469417	0.021	0.015	0.00456866945304244	g0	SCAMP2
2.37077797080672e-07	0.684449932878993	0.01	0.006	0.0045924340072497	g0	ELOF1
2.41069029658385e-07	0.7224232457731	0.009	0.005	0.00466974817351257	g0	MPST
2.41954108197743e-07	0.744589711019756	0.008	0.005	0.00468689302989848	g0	BAK1
2.43823324554126e-07	1.02691880620719	0.004	0.002	0.00472310161993798	g0	RGS9
2.44908758936763e-07	0.719631162323673	0.009	0.006	0.00474412756936404	g0	RPUSD3
2.44937729376127e-07	0.308644528100842	0.043	0.035	0.00474468875574496	g0	FIS1
2.46366428975824e-07	0.69083956261538	0.009	0.006	0.00477236409569069	g0	SIRT2
2.50137122070206e-07	0.763277077678304	0.008	0.005	0.00484540619162196	g0	KIF21A
2.5585818459477e-07	0.449300103909219	0.021	0.016	0.00495622889378529	g0	RAB11A
2.58313323501804e-07	1.04043259175675	0.004	0.002	0.00500378738955344	g0	GPR68
2.66147767161371e-07	0.583117970056557	0.013	0.009	0.00515554839768291	g0	DERL2
2.70548980490462e-07	0.613934965696323	0.012	0.008	0.00524080430108074	g0	CALHM2
2.82088096387943e-07	0.291148131979878	0.05	0.041	0.00546432851513085	g0	SRRM1
2.84285619899298e-07	0.756009077214265	0.008	0.005	0.00550689674306931	g0	GALK1
2.86363700748447e-07	0.570971983406631	0.013	0.009	0.00554715124719817	g0	TBL1XR1
3.09214598507285e-07	0.565971215244145	0.014	0.009	0.00598979598768461	g0	SPAG7
3.14556559489492e-07	0.579230620824497	0.013	0.009	0.00609327511387096	g0	LOC100507412
3.18383806929873e-07	0.309845803319551	0.041	0.033	0.00616741272403857	g0	CD47
3.27741435917188e-07	0.361785956802053	0.031	0.024	0.00634867935515184	g0	AKNA
3.36862211285672e-07	0.480964685871445	0.018	0.013	0.00652535789481475	g0	LSM3
3.41556365981236e-07	0.602242326816458	0.012	0.008	0.00661628836542253	g0	SMIM12
3.42703523011302e-07	0.641483494811282	0.011	0.007	0.00663850994425193	g0	EIF4EBP1
3.44900302796411e-07	0.473308724188487	0.018	0.013	0.00668106376546928	g0	EIF6
3.50295054398671e-07	0.455038958648943	0.02	0.015	0.00678556549875666	g0	JMJD6
3.56458789444288e-07	0.388859827214565	0.027	0.021	0.00690496321032531	g0	TCEB1
3.59265456444082e-07	0.544419009477004	0.014	0.01	0.00695933115677831	g0	YIPF4
3.64095641917456e-07	0.566748019878055	0.013	0.009	0.00705289667958304	g0	TINF2
3.64203648047376e-07	0.729677408788646	0.008	0.005	0.00705498886632571	g0	CMIP
3.71295412345105e-07	0.567234429396819	0.013	0.009	0.00719236343253703	g0	CCDC115
3.72832843246954e-07	0.390012644915456	0.027	0.021	0.00722214500653676	g0	PPP2R1A
3.82895335856109e-07	0.434122648008005	0.022	0.016	0.00741706555086869	g0	SYNE1
3.8692257677212e-07	0.537325949457397	0.015	0.01	0.00749507723465273	g0	ZBTB8OS
3.90570880574926e-07	0.42193057082359	0.023	0.017	0.00756574852761688	g0	LSM14A
3.92821523965019e-07	0.811049508452078	0.007	0.004	0.00760934574072638	g0	PDRG1
3.93405241761476e-07	0.298744587348142	0.044	0.035	0.00762065293816155	g0	CCDC107
4.07228984286743e-07	0.439749901803633	0.021	0.016	0.00788843265461849	g0	GOLGA7
4.11802065639731e-07	0.431881490192211	0.022	0.017	0.00797701781350723	g0	SUPT4H1
4.38810211456101e-07	0.33970685046616	0.033	0.026	0.00850019260611613	g0	HN1
4.45972233919203e-07	0.575285891520685	0.013	0.008	0.00863892814324888	g0	DIABLO
4.53369350142604e-07	0.428810929429114	0.023	0.017	0.00878221768161237	g0	MRPL43
4.55056714423397e-07	0.539152382720619	0.014	0.01	0.00881490361509563	g0	LOC100130872
4.6496415682067e-07	0.465763857615043	0.019	0.014	0.0090068206817732	g0	IER3IP1
4.70297117237194e-07	0.637475966534446	0.011	0.007	0.00911012545800169	g0	PSENEN
4.76358545178634e-07	0.653380485190633	0.01	0.006	0.00922754137865531	g0	MRPL47
4.76662164945918e-07	0.650745425022663	0.01	0.006	0.00923342279716738	g0	MRPL1
4.94424814289391e-07	0.491040471281599	0.017	0.012	0.0095775030775998	g0	SDHD
5.10907618015476e-07	0.47567412169756	0.018	0.013	0.00989679146857779	g0	EMC6
5.11497028821708e-07	0.72988188686154	0.008	0.005	0.00990820894530531	g0	TOR1A
5.25162097280722e-07	0.593959398931085	0.012	0.008	0.0101729149864249	g0	ST8SIA4
5.26855537196911e-07	0.318954671940674	0.039	0.032	0.0102057186110414	g0	DGUOK
5.29681871201181e-07	0.32714989932659	0.037	0.029	0.0102604675270381	g0	NAP1L4
5.36453935195547e-07	0.744421102939054	0.008	0.005	0.0103916491786729	g0	GGA1
5.44553238014645e-07	0.499470085260908	0.017	0.012	0.0105485407735817	g0	ATG12
5.4759411726768e-07	0.506702720785042	0.016	0.011	0.0106074456455922	g0	ILK
5.48570054318757e-07	1.93208472134625	0.001	0	0.0106263505222086	g0	REG4
5.55536891990537e-07	0.566455480391409	0.013	0.009	0.0107613051347487	g0	DDA1
5.67504755201341e-07	0.561235093065828	0.013	0.009	0.0109931346130052	g0	ETFA
5.71869999038064e-07	0.612789467160333	0.011	0.007	0.0110776937513663	g0	PLSCR1
5.82128570284785e-07	0.276657788042685	0.049	0.04	0.0112764125349866	g0	UQCRHL
5.91387485489965e-07	0.30154487517235	0.042	0.034	0.0114557669814261	g0	TMBIM4
5.93839768340316e-07	0.440353677445575	0.02	0.015	0.0115032701525203	g0	ATP6V0E2
5.95655272051219e-07	1.0483377898421	0.004	0.002	0.0115384382749042	g0	LOC101927116
6.28509125895985e-07	0.412890955505907	0.023	0.017	0.0121748502777311	g0	ENY2
6.50980468628899e-07	0.357140441284423	0.031	0.025	0.0126101426578104	g0	SSBP1
6.59962661092651e-07	0.562603154895802	0.013	0.009	0.0127841367080257	g0	COA3
6.93677003062172e-07	0.390878868322379	0.025	0.019	0.0134372172263173	g0	SET
6.97592238843913e-07	0.379764277026086	0.026	0.02	0.0135130592586454	g0	TMED9
7.18158761150962e-07	0.363390815242603	0.029	0.023	0.0139114533622553	g0	MRPL54
7.19898196979415e-07	0.315709500831923	0.038	0.031	0.0139451479736882	g0	LOC374443
7.21603602518436e-07	0.553017106066604	0.013	0.009	0.0139781833843846	g0	TRPT1
7.32191681520749e-07	0.68375771613278	0.009	0.005	0.0141832850627384	g0	ZMAT5
7.54798037873123e-07	0.401882497579252	0.025	0.019	0.0146211927916403	g0	SNRPB2
7.55764855907073e-07	0.537236808919144	0.014	0.01	0.0146399210237759	g0	PSMC4
7.72769824303175e-07	0.777756574954956	0.007	0.004	0.0149693242665768	g0	PPIL3
7.77673494104263e-07	0.278484896714126	0.049	0.041	0.0150643132542937	g0	PAIP2
7.80774856631333e-07	0.796799022846134	0.007	0.004	0.0151243897478055	g0	PFDN6
7.80866355500866e-07	0.540717377654107	0.014	0.01	0.0151261621724073	g0	MRPL38
8.20465997806204e-07	0.641747297885352	0.01	0.007	0.015893246843504	g0	MLX
8.22809925565964e-07	1.24997165101175	0.003	0.001	0.0159386510681383	g0	PON2
8.44339582977884e-07	0.412062522039693	0.023	0.017	0.0163557020618646	g0	COPS6
8.46248414866083e-07	0.510681003899299	0.015	0.011	0.0163926780443709	g0	UQCC2
8.63419014491098e-07	0.21366552993786	0.074	0.064	0.0167252897297071	g0	UQCRH
8.83235343500883e-07	1.21739604746688	0.003	0.001	0.0171091518389556	g0	TMEM19
8.95238580650218e-07	0.796372253122303	0.006	0.004	0.0173416665457754	g0	CAPN12
8.99778458936208e-07	0.520810216178816	0.014	0.01	0.0174296085280533	g0	NEDD9
9.57448467278925e-07	0.958462489224051	0.005	0.002	0.0185467342596601	g0	ST6GALNAC4
9.64813297775037e-07	0.537348954361378	0.014	0.009	0.0186893983912002	g0	STX10
9.67702161171424e-07	0.36197253230065	0.029	0.023	0.0187453585640517	g0	TMEM230
9.78114291670983e-07	0.490610002521322	0.017	0.012	0.0189470519439586	g0	KDELR2
9.94610769637776e-07	0.401513629553059	0.024	0.018	0.0192666052186534	g0	NAPA
9.95150211939757e-07	0.367165422712779	0.027	0.021	0.019277054755485	g0	POLR2J
1.00229051018758e-06	0.59099306941309	0.011	0.007	0.0194153694728436	g0	SNRNP27
1.00817300420581e-06	0.698333008765439	0.008	0.005	0.0195293192644708	g0	C1orf122
1.0147426863041e-06	0.38322248069557	0.025	0.019	0.0196565805763967	g0	APH1A
1.02449685686196e-06	0.17745788177557	0.1	0.088	0.019845528614273	g0	RBM3
1.0250669171547e-06	0.542460815982157	0.014	0.01	0.0198565712522038	g0	RPS6KB2
1.0639955075503e-06	0.582799691057541	0.011	0.008	0.0206106569767569	g0	CDC123
1.06825866220307e-06	0.192419612754207	0.093	0.081	0.0206932385455358	g0	CD247
1.08971628485023e-06	0.297810321257687	0.042	0.034	0.0211088941538338	g0	IFI16
1.09150425984642e-06	0.399795173042876	0.024	0.018	0.021143529017485	g0	PNRC2
1.10722656546682e-06	0.651233682105972	0.009	0.006	0.0214480857996577	g0	PBDC1
1.13193646158963e-06	0.257303419941755	0.053	0.044	0.0219267411974527	g0	HSP90B1
1.14335140456967e-06	0.769417274042226	0.007	0.004	0.0221478600579191	g0	SPG11
1.15313215542055e-06	0.444638726539355	0.019	0.014	0.0223373229826516	g0	COX20
1.17723810201626e-06	0.569650013494851	0.012	0.008	0.022804279274157	g0	GTF2E2
1.1840066447719e-06	0.416137487103804	0.023	0.017	0.0229353927158764	g0	SUMO3
1.18804915994835e-06	0.457956591502251	0.018	0.013	0.0230137002773594	g0	PPP1R7
1.20354156191586e-06	1.12645447975811	0.003	0.002	0.023313803595872	g0	LINC00539
1.22224937887417e-06	0.58055882849128	0.012	0.008	0.0236761927181716	g0	TMEM120A
1.22732605352584e-06	0.648445864734353	0.009	0.006	0.0237745329828491	g0	USP11
1.23845280106271e-06	0.376685113268463	0.027	0.021	0.0239900692093857	g0	IK
1.25591762707175e-06	0.571239322431002	0.012	0.008	0.0243283803540069	g0	ASNA1
1.30568129292186e-06	1.03231756925162	0.004	0.002	0.0252923523251894	g0	LOC101060400
1.35144214012495e-06	0.603727175179906	0.011	0.007	0.0261787856963605	g0	RPIA
1.35839975737015e-06	0.628832355617559	0.01	0.006	0.0263135617000172	g0	TGFBR3
1.36179677246762e-06	0.980785018196358	0.004	0.002	0.0263793652794702	g0	HIRIP3
1.41334057275606e-06	0.375996714979699	0.027	0.021	0.0273778202348576	g0	BUD31
1.42755484260728e-06	0.277783016551179	0.039	0.031	0.0276531648561455	g0	LOC100506248
1.44087651489829e-06	0.410010350869422	0.023	0.017	0.0279112189700949	g0	RASA2
1.45447984878833e-06	0.397181006863772	0.023	0.018	0.0281747291508788	g0	EIF3I
1.49338718090997e-06	0.420517164272111	0.021	0.016	0.028928403081407	g0	THRAP3
1.49583295375206e-06	0.961886688485301	0.004	0.002	0.0289757801471312	g0	GNGT2
1.50564147658432e-06	0.427973445128448	0.02	0.015	0.0291657810429148	g0	CMTM3
1.57995867430291e-06	0.603006368249654	0.011	0.007	0.0306053794799217	g0	DNAJC9
1.58894054262848e-06	0.358285126612756	0.028	0.022	0.0307793672512562	g0	MRPS34
1.63914875715832e-06	0.421311229554397	0.02	0.015	0.0317519505749139	g0	KDELR1
1.66749412317033e-06	0.537348954361378	0.013	0.009	0.0323010286599324	g0	RANGRF
1.6797920784119e-06	0.575463908292727	0.012	0.008	0.032539252350917	g0	FAM204A
1.68134911713785e-06	0.440699391856851	0.019	0.014	0.0325694137480773	g0	MTFP1
1.72736507572559e-06	1.38732104890919	0.002	0.001	0.0334607888818804	g0	SYNGR3
1.73673260745053e-06	0.19451180448495	0.088	0.077	0.0336422473389242	g0	PTGES3
1.75288355871772e-06	0.488740086876589	0.016	0.011	0.033955107415921	g0	CYB5R3
1.75519213284144e-06	0.352502071635747	0.029	0.023	0.0339998268052716	g0	IL16
1.76123071017891e-06	0.481623635639993	0.016	0.011	0.0341168000868757	g0	CAMTA1
1.76368264883916e-06	0.786391799782968	0.006	0.004	0.0341642965906634	g0	NFYB
1.7752380869073e-06	0.360576193676661	0.029	0.023	0.0343881369814813	g0	C7orf73
1.820979661593e-06	0.61441457367387	0.01	0.007	0.0352741970247181	g0	NDUFA8
1.87196748722024e-06	0.67156021385587	0.008	0.005	0.0362618821949432	g0	DTHD1
1.90688751991493e-06	0.532437756769	0.013	0.009	0.0369383181482722	g0	EMC3
1.91219764228039e-06	1.04270592176277	0.004	0.002	0.0370411805286134	g0	RRP1
1.91544057941925e-06	0.525029807034731	0.013	0.009	0.0371039994639303	g0	COMTD1
1.9450963469561e-06	0.543837780796264	0.012	0.009	0.0376784613368866	g0	RAB29
1.95558189887708e-06	0.340060256210235	0.031	0.025	0.0378815769631479	g0	PSMA6
1.9559296398187e-06	0.360354001308921	0.03	0.023	0.0378883130529281	g0	FGFR1OP2
1.96685038242879e-06	0.547842495309025	0.013	0.009	0.0380998587580282	g0	LOC102724614
1.99172804218899e-06	0.299511407309264	0.038	0.031	0.0385817639052429	g0	SEC11A
2.07867983699854e-06	0.271533049837116	0.048	0.04	0.0402661071224988	g0	MAP1LC3B
2.15859454763146e-06	0.638091709915553	0.009	0.006	0.0418141349821691	g0	AGPAT2
2.22656999492067e-06	0.548350418143533	0.012	0.008	0.0431308873716082	g0	NUDT1
2.2312031576932e-06	0.719785304643484	0.007	0.004	0.0432206363676749	g0	HSD17B7
2.23407166339061e-06	0.451767045300157	0.018	0.013	0.0432762021915394	g0	PITPNC1
2.28487046862711e-06	0.626158221319233	0.01	0.006	0.0442602258477758	g0	CHCHD1
2.3325771325767e-06	0.806880462546757	0.006	0.003	0.0451843516351433	g0	PARP9
2.33778037044782e-06	1.09427407400896	0.003	0.002	0.0452851435559448	g0	FAM179A
2.35364246666395e-06	0.280008024766556	0.044	0.036	0.0455924082217474	g0	MATR3
2.3653369421764e-06	0.462677492231455	0.016	0.012	0.045818941906899	g0	KANSL1-AS1
2.37388550096508e-06	0.301077330095069	0.039	0.032	0.0459845360391946	g0	LSM8
2.40631387138906e-06	1.23840432368272	0.003	0.001	0.0466127060026775	g0	ZNF34
2.54908640377368e-06	0.722587984002327	0.007	0.004	0.0493783527275	g0	ARL3
2.54981149065228e-06	0.473188127762698	0.016	0.012	0.0493923983854254	g0	HDAC1
2.56284613951026e-06	0.427952812798477	0.02	0.015	0.0496448925684533	g0	FDFT1
