p_val	avg_log2FC	pct.1	pct.2	p_val_adj	cluster	gene
0	1.85207229267705	0.77	0.262	0	c3	NKG7
0	1.50387340260464	0.9	0.421	0	c3	CCL5
0	1.91251739303616	0.562	0.172	0	c3	GZMA
0	2.10423323670242	0.425	0.108	0	c3	GZMH
0	1.33823198985493	0.52	0.215	0	c3	CST7
0	1.01377730754223	0.705	0.402	0	c3	PFN1
0	0.973936866777218	0.66	0.382	0	c3	SH3BGRL3
0	1.2017104012007	0.498	0.228	0	c3	HCST
0	0.926197172204163	0.626	0.357	0	c3	IL32
0	0.99704642922128	0.52	0.276	0	c3	CFL1
0	1.5424516797139	0.361	0.131	0	c3	CD8A
0	1.45591139135352	0.35	0.128	0	c3	CTSW
0	0.750444260894716	0.836	0.619	0	c3	HLA-A
0	1.00002917043466	0.452	0.239	0	c3	PTPRCAP
0	1.15851003151086	0.34	0.131	0	c3	GZMB
0	1.09236386467561	0.411	0.205	0	c3	CD3D
0	0.929702606753182	0.462	0.26	0	c3	MYL12A
0	0.643747134313	0.896	0.701	0	c3	HLA-C
0	0.769823586763803	0.484	0.294	0	c3	CD3E
0	0.805509229181119	0.92	0.734	0	c3	ACTB
0	1.48631891151681	0.293	0.109	0	c3	CD8B
0	0.670085719887909	0.553	0.371	0	c3	IFITM1
0	0.720055454967782	0.564	0.382	0	c3	ACTG1
0	0.956337676502333	0.34	0.179	0	c3	CORO1A
0	0.928628700437675	0.319	0.169	0	c3	RAC2
0	0.921341364396707	0.319	0.17	0	c3	CD99
0	0.756829745768635	0.369	0.222	0	c3	MYL6
0	1.05891053052306	0.287	0.141	0	c3	CLIC1
0	0.812366168884884	0.359	0.218	0	c3	HLA-H
0	0.654217878911339	0.375	0.241	0	c3	ARHGDIB
0	1.06848376310421	0.254	0.122	0	c3	RARRES3
0	1.38606196497634	0.203	0.077	0	c3	KLRD1
0	1.26800904608685	0.202	0.08	0	c3	PRF1
0	1.43336096450616	0.188	0.07	0	c3	GZMM
0	1.25108921691033	0.215	0.099	0	c3	LOC101929531
0	1.18522111636098	0.235	0.119	0	c3	GZMK
0	0.988734852866064	0.234	0.119	0	c3	ARPC2
0	0.568500786566585	0.974	0.86	0	c3	TMSB4X
0	1.08355881349174	0.193	0.091	0	c3	PSMB9
0	0.924992464044695	0.217	0.115	0	c3	LSP1
0	1.26569062415291	0.155	0.065	0	c3	CD3G
0	1.56231417837989	0.113	0.038	0	c3	KLRC2
0	1.58335522030682	0.104	0.035	0	c3	CMC1
0	1.45205364169985	0.097	0.035	0	c3	APOBEC3G
0	1.60361792136744	0.083	0.027	0	c3	KLRC3
0	0.517527339423394	0.997	0.944	0	c3	B2M
8.96006172436522e-297	1.09847221673311	0.147	0.068	1.73565355662679e-292	c3	HOPX
1.22607073099414e-293	1.40001201949848	0.093	0.035	2.37502161300874e-289	c3	FGFBP2
2.49750853624753e-290	0.820762763384149	0.244	0.139	4.83792378556509e-286	c3	PSME1
5.36143476914502e-287	0.889591225812972	0.21	0.114	1.03856352913108e-282	c3	MYL12B
2.44740949620433e-286	0.752688516411483	0.331	0.214	4.74087693509741e-282	c3	CD7
3.06293112496489e-281	0.561528716810103	0.467	0.333	5.93320388216949e-277	c3	GAPDH
2.17741527457989e-280	0.920387864862813	0.219	0.122	4.2178711283887e-276	c3	ALOX5AP
3.82753686174318e-265	0.650510065630502	0.332	0.215	7.41432165488272e-261	c3	PPDPF
3.5713784043885e-260	0.712511785943934	0.295	0.186	6.91811710714097e-256	c3	CALM1
5.30259645114529e-259	1.18217945892666	0.119	0.053	1.02716595855135e-254	c3	LOC101060038
3.72051364200737e-255	0.792258521111465	0.225	0.13	7.20700697593248e-251	c3	IL2RG
4.49248462147984e-255	1.21514420953899	0.114	0.05	8.7023919602686e-251	c3	ZNF683
3.28672488391521e-254	0.674338561003094	0.373	0.258	6.36671477263216e-250	c3	CD52
1.17586203951804e-245	1.43973108753333	0.077	0.029	2.27776235675039e-241	c3	KLRG1
9.2904066130083e-243	0.616702567884002	0.339	0.225	1.79964466500584e-238	c3	IFITM2
2.84895782228442e-227	0.722105679541497	0.242	0.147	5.51871619754716e-223	c3	CD2
1.70873869934003e-226	1.23654808507072	0.094	0.04	3.30999773449156e-222	c3	C12orf75
3.3908514281233e-226	0.579069627572825	0.352	0.241	6.56841830141765e-222	c3	PPIA
1.29080675573055e-221	1.57569220072441	0.059	0.02	2.50042176652566e-217	c3	KLRC4
2.34719305834404e-214	1.24376497170165	0.085	0.035	4.54674767331823e-210	c3	LAG3
1.93613991218037e-212	0.9484547856081	0.141	0.073	3.75049662388459e-208	c3	CLEC2B
6.4578482044146e-208	0.852185300787291	0.17	0.095	1.25094977567715e-203	c3	SUB1
9.18183308456408e-206	0.977774663424939	0.132	0.067	1.77861288681091e-201	c3	CALR
1.67344166592923e-202	0.741812273530369	0.212	0.128	3.24162385107152e-198	c3	EVL
2.91509125095642e-202	0.129648205844455	0.228	0.138	5.64682326222769e-198	c3	MT2A
7.13404127107343e-199	1.03533097465409	0.109	0.052	1.38193513461963e-194	c3	CTSC
2.08877714065538e-198	1.20854526356072	0.086	0.037	4.04617019916354e-194	c3	SLC9A3R1
1.12053446793384e-190	0.726527784573949	0.207	0.126	2.17058731783465e-186	c3	RHOA
1.56940880169976e-177	1.03561475928555	0.103	0.05	3.0401017897726e-173	c3	PPP1CA
1.74874942915045e-177	0.81833853690393	0.155	0.088	3.38750251920733e-173	c3	LY6E
5.21812500241662e-172	0.466328700720058	0.377	0.275	1.01080299421812e-167	c3	SERF2
4.52359026900969e-171	0.839381652166408	0.145	0.081	8.76264671009867e-167	c3	ITGB2
1.86937309503392e-170	0.489964021677617	0.343	0.245	3.62116262239021e-166	c3	TMA7
2.87218618492202e-164	0.487073175066092	0.362	0.265	5.56371185881245e-160	c3	ATP5E
4.57128589123871e-163	0.844824226151939	0.136	0.076	8.8550378999185e-159	c3	LCK
3.04817901928384e-162	0.607734049679789	0.245	0.163	5.90462757825472e-158	c3	CYBA
1.52833522324119e-160	0.934358247632312	0.113	0.059	2.96053816094051e-156	c3	PSME2
3.49431597581965e-147	0.708580542775826	0.17	0.104	6.76883947676024e-143	c3	PPIB
3.94020958654117e-142	0.388285328227731	0.469	0.373	7.63257999008891e-138	c3	S100A4
4.17613280342535e-137	1.02285692340703	0.083	0.041	8.08958685351524e-133	c3	CD63
3.17899511184994e-134	0.853525888887049	0.11	0.061	6.15803143116452e-130	c3	LITAF
4.04170778675796e-134	0.784801955085327	0.132	0.077	7.82919215372885e-130	c3	LCP1
6.8213981312107e-133	0.671398835822358	0.137	0.081	1.32137303199682e-128	c3	IFNG
7.06878619932032e-131	0.899577494632035	0.099	0.053	1.36929457467034e-126	c3	RAP1B
1.00321867900062e-130	1.34649251255089	0.047	0.018	1.9433349030921e-126	c3	PTMS
1.5825464972832e-129	0.820731533954289	0.115	0.065	3.06555081988729e-125	c3	CAPZB
3.49377020075379e-129	0.681328621715735	0.172	0.11	6.76778225588016e-125	c3	LGALS1
1.40767771332737e-128	1.02850285359522	0.076	0.037	2.72681249848645e-124	c3	PVRIG
1.42143284509209e-128	0.492936785965773	0.264	0.186	2.75345756422788e-124	c3	PTPRC
2.13476173531616e-128	0.675222584764038	0.161	0.101	4.13524695748094e-124	c3	ARPC3
5.99337824558021e-128	0.190798544522842	0.765	0.671	1.16097729995134e-123	c3	TMSB10
2.21955153970879e-125	0.592831007968909	0.198	0.131	4.29949328756989e-121	c3	SRP14
4.22922229044108e-125	1.36831971903608	0.044	0.017	8.19242649881342e-121	c3	ABI3
4.92070983010889e-123	1.00780487880586	0.073	0.035	9.53190701190393e-119	c3	LOC100996809
5.32094868017467e-120	0.91955856087283	0.087	0.046	1.03072096883664e-115	c3	SEPT7
1.12587497712157e-119	0.939035153140902	0.076	0.038	2.18093241818219e-115	c3	HLA-DRB4
8.24880448503296e-119	1.0851800470553	0.063	0.03	1.59787591679573e-114	c3	KLRK1
2.47082640666616e-117	0.985349018675063	0.075	0.038	4.78623783235302e-113	c3	PPP1R18
4.25560285217906e-117	1.44360611698118	0.037	0.013	8.24352828495606e-113	c3	GPR56
1.06869191764053e-111	0.995742977065156	0.071	0.036	2.07016311366147e-107	c3	CAP1
3.31313459037633e-110	0.624051317738516	0.157	0.101	6.41787301501799e-106	c3	ARPC1B
9.21582441455226e-109	0.788035305549349	0.101	0.058	1.78519734734292e-104	c3	GSTP1
1.21615794626138e-108	1.37504378802246	0.038	0.015	2.35581955770292e-104	c3	TRG-AS1
4.05793294769476e-105	0.213581145267626	0.573	0.47	7.86062191297952e-101	c3	RPS26
8.75710634380601e-105	1.02920280811318	0.062	0.03	1.69633906985866e-100	c3	ARPC5L
2.48982684500681e-104	0.678433413569597	0.131	0.082	4.82304358146268e-100	c3	GUK1
9.52271076401207e-101	1.24463198325097	0.041	0.017	1.84464430209678e-96	c3	SAMD3
1.57216936673961e-100	0.844988846479839	0.085	0.047	3.0454492803113e-96	c3	DBI
2.29686967879404e-98	0.774149555823576	0.099	0.058	4.44926625479193e-94	c3	PSMB8
2.7612046760742e-97	0.911988295525254	0.073	0.039	5.34872957802333e-93	c3	PSMB10
2.9406707986215e-96	0.738210087918188	0.1	0.059	5.69637340400971e-92	c3	CTSD
2.0279453890383e-94	0.812403534954538	0.088	0.051	3.92833301310609e-90	c3	GIMAP7
2.30659133707228e-91	0.702989756075858	0.103	0.062	4.46809807904271e-87	c3	LINC00152
6.85093257154486e-91	1.20118455282171	0.041	0.018	1.32709414843395e-86	c3	IDH2
1.18995988065038e-90	0.646472487592017	0.124	0.079	2.30507128480786e-86	c3	C9orf142
8.13943712640047e-88	0.536038639261685	0.193	0.137	1.57669036575503e-83	c3	HMGB1
9.50215585424433e-86	1.21813495717558	0.037	0.016	1.84066261052567e-81	c3	RAB27A
4.06119107425144e-85	0.881418284866998	0.056	0.029	7.86693322993246e-81	c3	CLIC3
4.32216243751083e-85	1.60993521421953	0.021	0.007	8.37246085770223e-81	c3	KIR2DL4
2.4698432780279e-84	0.906433078610229	0.062	0.033	4.78433341386785e-80	c3	ITM2C
1.57708906892576e-83	0.549698403370693	0.158	0.108	3.05497923541609e-79	c3	UBL5
2.48948250912172e-82	1.59975755661673	0.022	0.007	4.82237656841969e-78	c3	HAVCR2
3.14695772647012e-82	1.67865647545233	0.02	0.006	6.09597181194527e-78	c3	FCRL6
4.49150094487543e-82	1.23380441344146	0.035	0.015	8.7004864803182e-78	c3	LOC100996919
5.31355309354953e-82	0.64847030271808	0.116	0.075	1.02928836975148e-77	c3	CKLF
6.25265665081427e-82	1.76937349669439	0.018	0.006	1.21120211982923e-77	c3	KRT86
1.57008762762366e-81	0.47431767670618	0.196	0.141	3.04141674346979e-77	c3	YWHAZ
1.91625210623458e-79	0.960956719545067	0.055	0.028	3.71197195498701e-75	c3	ITGAE
2.73967883169791e-78	0.515327614063924	0.163	0.114	5.30703186488203e-74	c3	EMP3
1.07728790679643e-77	1.51130405377209	0.022	0.008	2.08681440425537e-73	c3	LOC102724850
7.9005669092548e-77	0.709880018351454	0.092	0.056	1.53041881599175e-72	c3	GIMAP4
9.48188238185874e-77	0.666952370090406	0.106	0.067	1.83673543618986e-72	c3	ITM2A
5.31623853009827e-76	0.705462534799361	0.09	0.055	1.02980856566534e-71	c3	TBC1D10C
1.25767362063362e-75	0.707771895532217	0.09	0.055	2.43623957052939e-71	c3	PARK7
4.16947961312639e-74	1.6974242248621	0.017	0.005	8.07669895858713e-70	c3	CD160
7.91109058505958e-73	0.721918786782846	0.084	0.051	1.53245735723189e-68	c3	ACTR3
8.59709559941808e-73	1.69764759193004	0.017	0.005	1.66534338856328e-68	c3	CX3CR1
1.74937522516083e-72	0.723483886802591	0.085	0.052	3.38871474865904e-68	c3	RABAC1
6.98288936138804e-72	1.13738167996142	0.035	0.016	1.35265549819448e-67	c3	CHST12
8.37052134018132e-72	1.04850016639142	0.041	0.02	1.62145368880652e-67	c3	APMAP
3.0512596875328e-71	0.802898747284765	0.068	0.039	5.91059514071978e-67	c3	PDIA3
3.18529554646633e-71	0.599066898347951	0.114	0.075	6.17023600305993e-67	c3	TPM3
1.18068609016115e-68	0.174010611462711	0.104	0.066	2.28710702525117e-64	c3	XCL2
3.82826911324392e-68	1.02540448058788	0.043	0.021	7.41574009926479e-64	c3	CXCR6
4.01013961783413e-67	0.838836538561996	0.057	0.032	7.76804145370649e-63	c3	CDK2AP2
2.02207794585808e-66	1.38764433481681	0.024	0.009	3.91696718892168e-62	c3	HLA-DRB5
6.27191804031926e-65	1.11641969818768	0.031	0.014	1.21493324359024e-60	c3	PLEK
1.10838840352781e-64	0.656672534043953	0.089	0.057	2.14705917647373e-60	c3	PSMA7
4.54523542718332e-64	1.11601150361455	0.032	0.014	8.80457554599682e-60	c3	FCGR3A
1.20822668472959e-63	0.531092971789617	0.143	0.101	2.3404559109897e-59	c3	COTL1
3.06735174858083e-63	0.793687236346729	0.061	0.035	5.94176707217593e-59	c3	ANXA6
9.24702861393587e-63	0.598347001956385	0.102	0.068	1.79124191280552e-58	c3	LIME1
1.75513304147451e-62	0.659505345231459	0.09	0.057	3.39986821464028e-58	c3	CNN2
9.08300042087038e-62	0.563078016985558	0.113	0.076	1.7594680115268e-57	c3	COX6C
1.87751506162133e-61	0.866395777120374	0.051	0.028	3.63693442586668e-57	c3	RNF167
2.45590274657007e-61	0.802030896540801	0.059	0.034	4.75732921038089e-57	c3	WDR1
1.30352839625442e-60	1.22329440028527	0.026	0.011	2.52506485638444e-56	c3	PLEKHF1
2.85068329632876e-60	0.49092410634748	0.142	0.102	5.52205861331843e-56	c3	SUMO2
3.99694630167576e-59	0.677398534564182	0.079	0.05	7.74248468097611e-55	c3	DRAP1
1.91967278293952e-58	0.696447317708127	0.072	0.045	3.71859814783215e-54	c3	TRAPPC1
3.73218394803405e-56	0.452446162569705	0.153	0.112	7.22961352573676e-52	c3	CHCHD2
4.55654685791823e-56	0.80879971986784	0.052	0.03	8.82648691847339e-52	c3	UBE2L6
2.18735046703584e-55	0.529152716753547	0.115	0.08	4.23711658969512e-51	c3	TPI1
1.44463171161851e-54	0.650378297670397	0.077	0.049	2.79839608857622e-50	c3	ATP5G3
1.03116468778278e-53	0.509316174011393	0.119	0.084	1.99746911670402e-49	c3	COX6A1
4.06123095118667e-53	0.712795576000397	0.063	0.039	7.86701047554369e-49	c3	MSN
1.97153150926646e-52	0.887833934400261	0.041	0.022	3.81905368660007e-48	c3	SASH3
4.90183466799418e-52	0.731987474747084	0.061	0.037	9.49534393537152e-48	c3	ZYX
2.23690583858003e-51	0.789055378522043	0.051	0.03	4.33311029991337e-47	c3	SH2D1A
1.11235163436958e-50	1.10422215256238	0.027	0.012	2.15473635093732e-46	c3	TOX
2.19868410236839e-50	0.911969689823243	0.038	0.02	4.25907097469782e-46	c3	PYHIN1
3.6872346365505e-50	0.573719151952647	0.088	0.059	7.14254221446198e-46	c3	CD53
5.33609584524567e-50	0.561526146186174	0.092	0.063	1.03365512618254e-45	c3	NDUFA3
1.32496521029407e-49	1.04672322018226	0.029	0.014	2.56659010886065e-45	c3	THEMIS
6.54216135280794e-49	1.63752659949247	0.012	0.004	1.26728207565243e-44	c3	KIR3DL2
7.22303119854604e-49	0.810548105893859	0.046	0.026	1.39917337347035e-44	c3	BIN2
1.14526349569386e-48	0.705423215857545	0.059	0.036	2.21848991750859e-44	c3	RHOC
1.38787049595337e-48	0.812926297019002	0.046	0.026	2.68844393771127e-44	c3	SIT1
3.82640887152422e-48	1.19735688301581	0.022	0.009	7.41213662502957e-44	c3	PTGDR
4.60095289824566e-48	0.479086470547261	0.122	0.088	8.91250585919166e-44	c3	TCEB2
1.54580335798927e-47	0.794585563778105	0.046	0.027	2.99437568476102e-43	c3	PRKCH
3.14148801222069e-47	1.2694352923936	0.019	0.008	6.08537642847269e-43	c3	EOMES
8.97934009278541e-47	0.792635603805345	0.045	0.026	1.73938796937346e-42	c3	PTPN22
3.7395190337906e-45	0.80566583202965	0.042	0.024	7.24382232035578e-41	c3	LYST
6.2080122825708e-45	0.601763614710708	0.073	0.048	1.20255405925679e-40	c3	ATP5J2
1.56493171506256e-44	0.595326693546932	0.076	0.05	3.03142922524768e-40	c3	ATPIF1
7.79461654185462e-44	0.568301932183527	0.079	0.053	1.50989517032266e-39	c3	CD96
9.26806361415261e-44	1.2951344020454	0.017	0.007	1.7953166026975e-39	c3	S1PR5
1.44093734965567e-43	0.581130543680575	0.073	0.048	2.791239740018e-39	c3	CD97
4.09004647541935e-43	0.497328983981533	0.101	0.071	7.92282902753482e-39	c3	COX8A
7.45948186044983e-43	0.548426647429384	0.116	0.085	1.44497623118774e-38	c3	HMGN2
2.01150040536292e-42	0.324500977452281	0.206	0.164	3.89647743522851e-38	c3	ATP5L
2.03972315667626e-42	1.03991988951909	0.024	0.012	3.95114772679759e-38	c3	KLRF1
2.05541332494818e-42	0.434166342459729	0.121	0.089	3.98154115175712e-38	c3	YWHAB
7.28770029140105e-42	1.03243314366508	0.025	0.012	1.4117004234473e-37	c3	GYG1
1.76106011941813e-41	0.78770500664753	0.044	0.026	3.41134955732487e-37	c3	KLRC1
3.13878866297231e-41	0.863616660719512	0.034	0.019	6.08014751904366e-37	c3	AOAH
3.56145424937135e-41	0.200081851705494	0.3	0.25	6.89889302645725e-37	c3	S100A6
3.83585864775909e-41	0.761025851244883	0.044	0.026	7.43044178657413e-37	c3	IFI27L2
3.87903790805593e-41	0.702583622550017	0.051	0.031	7.51408433169515e-37	c3	SHISA5
5.02117200634593e-41	1.2101053757578	0.018	0.008	9.7265122934927e-37	c3	HLA-DRB3
5.03543677789972e-41	1.15931611112147	0.019	0.009	9.75414458246955e-37	c3	OASL
1.3427193263099e-40	0.510016146659978	0.09	0.063	2.6009816069949e-36	c3	STK17A
1.61338863828104e-40	0.511179416591765	0.089	0.062	3.1252951312142e-36	c3	KRTCAP2
3.05586199301846e-40	1.13336785246058	0.02	0.009	5.91951026667606e-36	c3	TARP
3.98218908273242e-40	0.791681363792572	0.039	0.023	7.71389847216097e-36	c3	BIN1
5.17262282721389e-40	0.516741379968823	0.087	0.061	1.0019887678596e-35	c3	UQCR10
8.31158638128578e-40	0.612580242362242	0.059	0.038	1.61003739791887e-35	c3	PGAM1
2.0388659797089e-39	0.997256727092219	0.025	0.013	3.9494872892941e-35	c3	ITGB7
2.05022947675657e-39	0.449894838660414	0.107	0.078	3.97149951942515e-35	c3	VAMP2
2.20772907062347e-39	0.563256883631184	0.073	0.049	4.27659198270473e-35	c3	GNG2
2.61669007073732e-39	0.526296769951647	0.082	0.057	5.06879033602526e-35	c3	NDUFA1
1.06374097680497e-38	1.05639133975932	0.032	0.018	2.06057264616891e-34	c3	STMN1
2.24905749378839e-38	0.533323566981943	0.079	0.055	4.3566492712175e-34	c3	PRR13
4.10126653194974e-38	0.996488174365227	0.024	0.012	7.94456339903983e-34	c3	PLA2G16
6.95479461337646e-38	0.556167398882897	0.072	0.049	1.34721326455715e-33	c3	HLA-F
8.04169645367287e-38	0.855713136934072	0.033	0.018	1.55775702004097e-33	c3	RASSF1
9.85008821288298e-38	0.711478382714023	0.045	0.027	1.90806058771756e-33	c3	PSMB3
1.28089128398208e-37	0.954862611287684	0.026	0.013	2.48121450620168e-33	c3	SLA2
2.54291420448595e-37	1.02902858431053	0.022	0.011	4.92587910550973e-33	c3	STARD3NL
2.96831634105213e-37	0.491126437758797	0.089	0.064	5.74992558425208e-33	c3	USMG5
8.88634113955957e-37	0.87111130893985	0.031	0.017	1.72137314214408e-32	c3	ACP5
1.37793071458381e-36	0.800000309438366	0.035	0.02	2.66918958722031e-32	c3	RAB1B
1.90156197811042e-36	0.719955917792714	0.036	0.021	3.68351570779769e-32	c3	FABP5
2.81878287647288e-36	0.764667632458745	0.038	0.022	5.46026431001562e-32	c3	SIRPG
9.23592582233668e-36	0.335667729412891	0.169	0.134	1.78909119104484e-31	c3	IFITM3
9.79784153974012e-36	0.308917139513461	0.191	0.155	1.89793988466306e-31	c3	OST4
1.02044936177267e-35	0.358626871955355	0.147	0.114	1.97671245868983e-31	c3	PCED1B-AS1
1.26028143620481e-35	0.5706706925221	0.063	0.043	2.44129117007233e-31	c3	LCP2
1.46373586452592e-35	0.765902634008865	0.037	0.022	2.83540274317315e-31	c3	MATK
1.56383008255603e-35	0.590851138119853	0.059	0.039	3.02929525291929e-31	c3	FKBP1A
1.84223785527989e-35	0.593005027946041	0.06	0.04	3.56859894946268e-31	c3	SKAP1
2.4742180690207e-35	0.705331642005445	0.043	0.027	4.79280782149999e-31	c3	TAP1
5.38626149607239e-35	0.794700103382541	0.034	0.019	1.04337271440418e-30	c3	CISH
6.50915356555479e-35	0.614616388871294	0.055	0.036	1.26088813718362e-30	c3	BUB3
8.80269668552734e-35	0.453640650562954	0.092	0.067	1.7051703749535e-30	c3	SEPT1
1.21642963479314e-34	0.663738607941806	0.048	0.031	2.3563458455578e-30	c3	BLOC1S1
2.15916196635964e-34	0.952437761940549	0.024	0.012	4.18251264503525e-30	c3	SYNE1
2.198317626715e-34	0.663353924751082	0.06	0.04	4.25836107470962e-30	c3	TUBB
3.14148902968775e-34	0.455323268271724	0.092	0.067	6.08537839940814e-30	c3	POLR2L
3.51442639318795e-34	0.659586252524448	0.048	0.03	6.80779536624438e-30	c3	PRDX5
4.4405621986558e-34	1.08284330278578	0.019	0.009	8.60181303501615e-30	c3	TMIGD2
9.28337909840525e-34	0.402714585839146	0.114	0.086	1.79828336515208e-29	c3	COX6B1
1.40223521835105e-33	0.696815285242623	0.043	0.026	2.71626984146783e-29	c3	C5orf56
2.94675235358529e-33	0.340217022648389	0.147	0.115	5.70815398413006e-29	c3	UQCR11
5.94446863991536e-33	0.586429117823643	0.056	0.038	1.15150302023801e-28	c3	SHFM1
1.41101010595592e-32	1.30760571385158	0.012	0.005	2.73326767624721e-28	c3	APOBEC3C
2.01282768483133e-32	0.597680618475693	0.056	0.037	3.89904850828678e-28	c3	BST2
2.80481269505553e-32	0.611991507385335	0.051	0.034	5.43320267159208e-28	c3	NDUFB10
3.92952631387618e-32	0.411470490648424	0.106	0.079	7.61188542260954e-28	c3	COX7A2
4.35040355051851e-32	0.643389118781147	0.046	0.029	8.42716671770941e-28	c3	ARHGAP9
4.71990808113495e-32	0.576647420837786	0.056	0.037	9.14293394396652e-28	c3	ANXA2
5.33612006021285e-32	0.872458216489266	0.026	0.014	1.03365981686383e-27	c3	PELO
6.96000730624804e-32	0.539006804557227	0.064	0.044	1.34822301529331e-27	c3	HNRNPF
8.60463255197938e-32	1.24613368494201	0.013	0.005	1.66680337164393e-27	c3	C1orf21
1.02653657360831e-31	0.549265630847973	0.061	0.042	1.98850399673666e-27	c3	HCLS1
1.61382694243651e-31	0.415843816655768	0.1	0.075	3.12614417019377e-27	c3	NDUFA4
2.30310011004966e-31	0.426999608979703	0.096	0.071	4.46133522317719e-27	c3	NDUFA13
7.68726502266388e-31	0.896193115616835	0.023	0.013	1.48910010754022e-26	c3	HSPB11
7.74991762532387e-31	0.657114404861871	0.042	0.026	1.50123654320149e-26	c3	REEP5
1.19641768826126e-30	0.782740527274884	0.031	0.018	2.31758070393088e-26	c3	NDUFA12
2.31602547219237e-30	0.730636003883954	0.034	0.02	4.48637294218383e-26	c3	GLIPR2
3.78948873241982e-30	0.641515453472455	0.043	0.028	7.34061862357044e-26	c3	ECH1
4.02282686548799e-30	0.853441456757716	0.021	0.011	7.79261792113678e-26	c3	MT1F
7.16601795915598e-30	0.668741470158012	0.051	0.034	1.3881293388681e-25	c3	ARL6IP1
1.6347148409798e-29	0.619324597325348	0.044	0.029	3.16660611846198e-25	c3	POMP
2.2236208998964e-29	0.571437409034701	0.051	0.034	4.30737604518931e-25	c3	RUNX3
4.92770210025963e-29	0.733151601802737	0.033	0.02	9.54545173841293e-25	c3	IKZF3
9.98026582339871e-29	0.596699095154212	0.047	0.031	1.93327729265056e-24	c3	SPCS2
1.66449223096683e-28	0.739100685539113	0.032	0.019	3.22428790060584e-24	c3	PSMA5
2.0838223007104e-28	0.511257166921426	0.062	0.043	4.03657217870612e-24	c3	CALM3
2.49715000733025e-28	0.579512664460657	0.049	0.033	4.83722927919943e-24	c3	OSTF1
2.80295723750457e-28	0.345737033164072	0.125	0.098	5.4296084647701e-24	c3	DAZAP2
2.85413624599127e-28	0.687787368572216	0.036	0.022	5.52874732210969e-24	c3	STOM
5.08555696627172e-28	0.695917721837271	0.034	0.021	9.85123239936494e-24	c3	SUPT3H
5.96592579367509e-28	0.822433435398185	0.025	0.014	1.1556594854928e-23	c3	MYO1G
6.15978478986462e-28	0.782768808204077	0.028	0.016	1.19321191164467e-23	c3	SCP2
6.85343160409344e-28	1.20760924930741	0.012	0.005	1.32757823602894e-23	c3	TTC38
1.06032706275258e-27	0.577919386187513	0.049	0.033	2.05395955325802e-23	c3	ARPC5
1.30964623692299e-27	0.590810100585442	0.046	0.03	2.53691572554353e-23	c3	CLEC2D
1.42038893350679e-27	0.500567063752228	0.061	0.042	2.75143540309601e-23	c3	RNF213
2.8593778783551e-27	0.730636003883955	0.031	0.018	5.53890088816167e-23	c3	NCR3
8.40488892513149e-27	0.548123720434422	0.053	0.036	1.62811103368722e-22	c3	SNRPB
1.00427602839957e-26	0.616779096196991	0.041	0.026	1.94538309461281e-22	c3	MBP
1.14961422490954e-26	0.632628699067352	0.039	0.025	2.22691771507228e-22	c3	PTPN6
1.167876972954e-26	0.48423479550735	0.064	0.045	2.2622944843092e-22	c3	FYN
1.29781575485241e-26	0.570630481639172	0.048	0.032	2.5139988987246e-22	c3	ATP5J
1.41900278787464e-26	0.811490256368794	0.024	0.014	2.74875030039196e-22	c3	TPST2
1.48307218407503e-26	0.339612075009418	0.108	0.084	2.87285912777173e-22	c3	SSR4
1.65199304537375e-26	0.583104439011101	0.045	0.03	3.20007572819349e-22	c3	DENND2D
1.97569609961656e-26	1.20928960245877	0.011	0.005	3.82712091456724e-22	c3	PPAP2A
2.54190594353839e-26	0.448462951640902	0.073	0.054	4.92392600322822e-22	c3	ATP6V0E1
2.97304091735828e-26	0.50494487542344	0.059	0.041	5.75907756101472e-22	c3	BRK1
3.32358842659016e-26	0.522983381206775	0.054	0.037	6.43812314114779e-22	c3	ISG15
4.97719461615702e-26	0.581685131535384	0.045	0.03	9.64132369095777e-22	c3	DHRS7
9.48976820693969e-26	0.57102496298115	0.045	0.03	1.83826299936629e-21	c3	CBLB
9.57050828654346e-26	0.712312398810203	0.031	0.019	1.85390316018633e-21	c3	MIEN1
1.14569420031716e-25	0.440772548932787	0.076	0.056	2.21932423543437e-21	c3	NDUFB2
3.00576341591993e-25	0.29312500350358	0.178	0.149	5.8224643129785e-21	c3	KLRB1
3.60094277495745e-25	0.489328288130159	0.06	0.043	6.97538624937007e-21	c3	CD48
4.72412023384765e-25	0.721049955054757	0.029	0.017	9.15109330498628e-21	c3	PTTG1
5.88629731262946e-25	0.752456540573411	0.026	0.016	1.14023465242945e-20	c3	ACTN4
7.25500015459783e-25	1.15975816516881	0.012	0.005	1.40536607994715e-20	c3	PPP2R2B
8.28813323122438e-25	0.870934546346454	0.02	0.011	1.60549428822047e-20	c3	PTPN4
9.04427990399528e-25	1.1022342418979	0.013	0.006	1.75196746020292e-20	c3	CARS
1.07218413606421e-24	0.49791035291015	0.055	0.039	2.07692788996998e-20	c3	ZAP70
1.08605189810758e-24	0.615661030173491	0.038	0.025	2.1037911318242e-20	c3	EID1
1.4982317894269e-24	0.521574389462679	0.051	0.035	2.90222479929884e-20	c3	RBX1
1.54826064289611e-24	0.468013384849271	0.066	0.048	2.99913569135405e-20	c3	ROMO1
3.2092131102464e-24	0.42727894964943	0.074	0.055	6.2165667158583e-20	c3	CDC42
3.29111591226728e-24	0.492174546353019	0.056	0.04	6.37522063365295e-20	c3	LYAR
4.03111772478866e-24	0.623654424910915	0.036	0.023	7.80867814468812e-20	c3	PA2G4
6.76579103300585e-24	0.490173235068482	0.056	0.04	1.31060138100356e-19	c3	FLNA
6.78485160749703e-24	0.592367935844325	0.04	0.026	1.31429360488825e-19	c3	NDUFB7
1.05525747389173e-23	0.716614348638444	0.027	0.017	2.04413925267567e-19	c3	BTN3A2
1.28061174533866e-23	0.252425288194287	0.189	0.159	2.48067301189551e-19	c3	ATP5G2
1.79708864159315e-23	0.334620941214603	0.113	0.09	3.4811404076301e-19	c3	ATP5I
1.80139006633057e-23	0.805444591532493	0.022	0.012	3.48947269748895e-19	c3	TAP2
1.81037179023574e-23	0.564972281450437	0.044	0.03	3.50687119486566e-19	c3	BSG
2.27534863821144e-23	0.392689884355645	0.083	0.063	4.40757784707938e-19	c3	CD247
2.84698835992636e-23	0.405970932791382	0.075	0.056	5.51490115201335e-19	c3	LAT
3.24510417173223e-23	0.415048591287973	0.095	0.074	6.28609129106249e-19	c3	CLDND1
3.84575195478576e-23	0.572144628258282	0.039	0.026	7.44960611161549e-19	c3	PDCD1
5.46582103754667e-23	0.461327590083866	0.064	0.047	1.05878419318317e-18	c3	HNRNPA3
1.0493486838349e-22	0.462359158291457	0.061	0.044	2.03269333545658e-18	c3	VAMP8
2.43467421697275e-22	0.818098845134294	0.02	0.011	4.71620742569791e-18	c3	TBCD
3.41069427768234e-22	0.530263515508002	0.046	0.032	6.60685588529845e-18	c3	SRP9
3.45614966263054e-22	0.630293453890928	0.033	0.021	6.69490751148162e-18	c3	PDIA6
5.11048659187959e-22	0.371391368980119	0.088	0.068	9.89952357712995e-18	c3	C19orf43
5.99343341676461e-22	0.53506214808997	0.028	0.018	1.16098798716147e-17	c3	SPON2
7.57312631784344e-22	0.518559643956222	0.046	0.032	1.46699029902945e-17	c3	COX7B
8.70374265208091e-22	0.864937095595545	0.017	0.009	1.68600198913459e-17	c3	CISD3
1.05348386502222e-21	0.399217817307644	0.078	0.06	2.04070359493454e-17	c3	CD27
1.44758351628465e-21	0.657381342298167	0.029	0.019	2.80411402939499e-17	c3	PRKACB
1.74330065209994e-21	0.382334200399736	0.083	0.064	3.3769476931828e-17	c3	PGK1
2.05508354673283e-21	0.450397780534978	0.06	0.044	3.98090233837617e-17	c3	WIPF1
2.09568706360356e-21	0.394134221093222	0.076	0.058	4.05955541090646e-17	c3	TMBIM6
2.38354169806509e-21	0.37684025833399	0.082	0.063	4.61715862332188e-17	c3	ARL6IP5
3.07719839970618e-21	0.760016661057542	0.022	0.013	5.96084102007084e-17	c3	PARVG
4.02545159137738e-21	0.535062804142695	0.042	0.029	7.79770227765712e-17	c3	IL2RB
6.96739600491147e-21	0.403543361134764	0.067	0.05	1.3496542801114e-16	c3	SH2D2A
7.94747775602536e-21	0.457068248472659	0.057	0.041	1.53950591611967e-16	c3	CSNK2B
9.18170376121935e-21	0.513097932362502	0.044	0.03	1.7785878355858e-16	c3	GBP5
1.13106069697191e-20	0.503181577419255	0.047	0.034	2.19097767610428e-16	c3	PSMB1
1.25714536620243e-20	0.450808655489632	0.056	0.041	2.43521628887072e-16	c3	ARF5
1.37239691637732e-20	0.502973828014059	0.047	0.033	2.6584700667145e-16	c3	COX5A
1.68975308689421e-20	0.647621192836386	0.029	0.018	3.27322070462277e-16	c3	GPI
2.5814664273218e-20	0.571986118764959	0.036	0.024	5.00055861636506e-16	c3	ANXA5
2.80776282210242e-20	0.479927611241674	0.05	0.036	5.43891736269459e-16	c3	COPE
3.0909315937844e-20	0.697469139948756	0.025	0.015	5.98744359031976e-16	c3	SDF2L1
3.66873319515332e-20	0.645364875992303	0.029	0.018	7.10670307233149e-16	c3	PTPN7
3.93838077021146e-20	0.598809491919619	0.059	0.043	7.62903738997662e-16	c3	HMGB2
3.99141125643984e-20	0.267054873188707	0.138	0.114	7.73176274484961e-16	c3	SNRPD2
4.18529947131572e-20	0.448002420600817	0.057	0.042	8.10734360588567e-16	c3	TAPBP
5.02858865948569e-20	1.01230022855759	0.012	0.006	9.74087909228973e-16	c3	APOBEC3H
7.23390652485925e-20	0.526481391587344	0.042	0.029	1.40128003293049e-15	c3	SRI
1.02805234558597e-19	0.44645816525446	0.054	0.04	1.99144019863459e-15	c3	NEDD8
1.0824132978339e-19	0.360123194779994	0.082	0.064	2.09674279923405e-15	c3	TRMT112
1.36100878897079e-19	0.418895590726297	0.062	0.046	2.63641012511531e-15	c3	ARHGDIA
1.75047094058471e-19	0.485008988842952	0.046	0.033	3.39083725900664e-15	c3	ARL4C
1.95252698860519e-19	0.373342177622583	0.072	0.055	3.78224002962711e-15	c3	C9orf16
2.15258750928235e-19	0.803650801182176	0.018	0.01	4.16977726423083e-15	c3	MAD2L2
2.46693560533479e-19	0.517562597854373	0.041	0.029	4.77870096109402e-15	c3	HMGN3
3.97279499839995e-19	0.673790143479245	0.025	0.015	7.69570119140054e-15	c3	NDUFB3
4.31321703869119e-19	0.397192579905098	0.067	0.051	8.35513272564871e-15	c3	ARF1
6.91258917056787e-19	0.494349140889126	0.043	0.03	1.3390376482307e-14	c3	NDUFA6
7.19797878323288e-19	0.841509221369149	0.017	0.009	1.39432047010004e-14	c3	ENTPD1
8.36990536851255e-19	0.474824116468398	0.046	0.033	1.62133436893457e-14	c3	NOP10
8.65704228776712e-19	0.532886342235352	0.038	0.027	1.67695566156337e-14	c3	FAM49B
8.76849281022811e-19	0.308880073629999	0.108	0.087	1.69854474226929e-14	c3	CALM2
8.8823258340289e-19	0.474699742951327	0.047	0.034	1.72059533730974e-14	c3	RALY
9.92634998143964e-19	0.599463987886417	0.03	0.02	1.92283325490467e-14	c3	POLR2G
2.21684333569113e-18	0.302617793858577	0.104	0.084	4.29424722556729e-14	c3	GMFG
2.82697673443797e-18	0.29251489149207	0.094	0.075	5.47613663227979e-14	c3	UCP2
4.06074538365322e-18	0.413623976991335	0.059	0.044	7.86606988267466e-14	c3	WDR83OS
4.14604310773622e-18	0.453725338949482	0.049	0.036	8.03130010399584e-14	c3	TMEM50A
4.27938413856971e-18	0.543775668783415	0.035	0.024	8.28959501482339e-14	c3	NUCKS1
8.28310217935157e-18	0.365306944964074	0.073	0.057	1.60451972316219e-13	c3	PET100
1.18964259002425e-17	0.572085156285851	0.031	0.021	2.30445666113598e-13	c3	PSMB6
1.29253157770987e-17	0.788712070336501	0.017	0.01	2.50376291918179e-13	c3	DUSP23
1.33538505550588e-17	0.405419023322813	0.058	0.044	2.58677439102044e-13	c3	NDUFB8
1.48552369914962e-17	0.849700842520122	0.015	0.008	2.87760795762274e-13	c3	F2R
1.81578893171897e-17	0.643890505007334	0.025	0.016	3.51736473963281e-13	c3	FERMT3
1.84861851830563e-17	0.371888975829614	0.066	0.051	3.58095893180983e-13	c3	SEPW1
2.12810211301466e-17	0.362117191449092	0.068	0.052	4.1223466031207e-13	c3	TIGIT
2.33267724274762e-17	0.340246395747375	0.081	0.064	4.51862908692641e-13	c3	GYPC
2.39954631704712e-17	0.610823805953	0.026	0.017	4.64816117075197e-13	c3	UBE2L3
2.73740085122527e-17	0.740557671903149	0.019	0.011	5.30261918890847e-13	c3	CARHSP1
3.12252020424863e-17	0.577314150100651	0.029	0.02	6.04863388765002e-13	c3	PSMA2
3.87449367475347e-17	0.472874130335793	0.042	0.03	7.50528169736495e-13	c3	ERH
4.70575510560721e-17	0.487239618323043	0.041	0.029	9.11551821507172e-13	c3	CXCR3
4.88728075519429e-17	0.597044496974665	0.027	0.018	9.46715155088685e-13	c3	LSM2
7.31706521166087e-17	0.629996297341807	0.024	0.016	1.41738870215083e-12	c3	PSMB2
9.55049943187269e-17	0.35053482848705	0.073	0.057	1.85002724494806e-12	c3	HIGD2A
1.02237819268316e-16	0.541918030599589	0.032	0.022	1.98044879704655e-12	c3	RHOF
1.11421607048769e-16	0.626781018451598	0.024	0.016	2.1583479501417e-12	c3	TWF2
1.16061743489397e-16	0.321863440669266	0.086	0.068	2.24823203313311e-12	c3	HNRNPK
1.20156921430632e-16	0.620345294715216	0.025	0.016	2.32755972503277e-12	c3	PYCARD
1.38788615760161e-16	0.41188627037997	0.054	0.04	2.68847427589008e-12	c3	DAD1
1.47075834238432e-16	0.793082358699649	0.016	0.01	2.84900598503266e-12	c3	NUCB2
1.49261146569559e-16	0.463579067716256	0.045	0.033	2.89133767019893e-12	c3	SELPLG
1.653988619353e-16	0.586546781302867	0.027	0.018	3.20394135454869e-12	c3	TSEN54
2.42768296757669e-16	0.972393750087334	0.01	0.005	4.70266467649281e-12	c3	GBP1
2.73587880248e-16	0.754429115049264	0.015	0.009	5.29967082828401e-12	c3	CRTAM
2.73701919236277e-16	0.716325210376079	0.019	0.011	5.30187987752592e-12	c3	SH3BP1
2.76412098139502e-16	0.519021689374969	0.034	0.024	5.35437875306029e-12	c3	ATP5F1
3.27613111266692e-16	0.233733857381252	0.147	0.125	6.34619357834709e-12	c3	HNRNPA2B1
3.36620273875915e-16	0.470631410240149	0.041	0.03	6.52067132525035e-12	c3	DYNLRB1
3.64026560408987e-16	0.332130652936975	0.078	0.062	7.05155850168249e-12	c3	COX5B
3.85277050455092e-16	0.458783740128584	0.042	0.031	7.4632017443656e-12	c3	MYEOV2
4.04345412531223e-16	0.536775683662019	0.031	0.021	7.83257498614231e-12	c3	RBCK1
4.22985299398519e-16	0.655486174746262	0.022	0.014	8.19364823464871e-12	c3	AGTRAP
4.52610953897069e-16	0.921241936552752	0.011	0.006	8.76752678794013e-12	c3	GALNT2
4.80448032008926e-16	0.989919161782321	0.01	0.005	9.3067588280449e-12	c3	JAKMIP1
4.95217565926947e-16	0.502654996538138	0.035	0.025	9.59285946957088e-12	c3	RNF7
5.98627677387097e-16	0.373064892957678	0.063	0.049	1.15960167386655e-11	c3	GNG5
6.04638410584581e-16	0.566091461449524	0.03	0.02	1.17124506514339e-11	c3	IFI6
6.29535867940019e-16	0.696284499093177	0.019	0.012	1.21947392978661e-11	c3	COPZ1
7.66675390503114e-16	0.461423023121036	0.04	0.029	1.48512689894358e-11	c3	MRPL41
1.18566391397041e-15	0.618440758361575	0.024	0.016	2.29674956775209e-11	c3	C20orf24
1.56585955732003e-15	0.528655632555105	0.031	0.022	3.03322654848464e-11	c3	ATP5C1
1.56998688968812e-15	0.418089145290901	0.05	0.037	3.04122160401486e-11	c3	SYTL3
1.68800434419374e-15	0.380334245825106	0.059	0.045	3.2698332151377e-11	c3	C4orf3
1.75430986438055e-15	0.281495504220252	0.105	0.087	3.39827363829157e-11	c3	ISG20
1.82149540029443e-15	0.961590438723826	0.01	0.005	3.52841873991034e-11	c3	POP4
2.03741698721742e-15	0.241772248779304	0.13	0.109	3.94668044593886e-11	c3	ALDOA
2.930799115607e-15	0.330031126341287	0.075	0.06	5.67725096684231e-11	c3	CCND3
3.55505293761474e-15	0.546962298701094	0.029	0.02	6.88649304545351e-11	c3	BANF1
6.08596339383449e-15	0.835263819878396	0.013	0.007	1.17891196901968e-10	c3	NDFIP2
6.48007043358923e-15	0.114830087397159	0.449	0.419	1.25525444369057e-10	c3	RPL23A
6.53027920506383e-15	0.85836522957384	0.012	0.006	1.26498038481291e-10	c3	FASLG
7.78463509804343e-15	0.294266502653924	0.074	0.059	1.50796166484199e-10	c3	ID2
8.74230874279655e-15	0.614984030841384	0.022	0.014	1.69347262656712e-10	c3	TLN1
8.81749932812449e-15	0.432514419493349	0.044	0.033	1.70803779485099e-10	c3	C11orf58
1.20062103726386e-14	0.486027072520345	0.034	0.024	2.32572301128382e-10	c3	SUMO1
1.28716326630358e-14	0.600230209305215	0.023	0.015	2.49336396315666e-10	c3	ZEB2
1.46923642054681e-14	0.637027137815029	0.021	0.013	2.84605787024122e-10	c3	ARHGAP30
1.50694162080702e-14	0.536414696730282	0.03	0.021	2.91909661366529e-10	c3	ARPC4
1.54777327432581e-14	0.58584692596606	0.024	0.016	2.99819160969653e-10	c3	CHMP4A
1.62580083457906e-14	0.514937164058945	0.031	0.022	3.14933879666311e-10	c3	C19orf66
1.62694604071533e-14	0.573342924732755	0.025	0.017	3.15155717546967e-10	c3	ITGAL
1.76178563028192e-14	0.519282947781162	0.03	0.021	3.41275494441911e-10	c3	MFSD10
1.94996773906217e-14	0.393695472235682	0.052	0.039	3.77728250733733e-10	c3	ATP5B
2.5723206481967e-14	0.746256984471824	0.015	0.009	4.98284232762183e-10	c3	IFI35
3.19745035151582e-14	0.276751757364569	0.093	0.077	6.1937810759213e-10	c3	RBM3
3.27652229310793e-14	0.509191476826605	0.03	0.021	6.34695133397936e-10	c3	APBB1IP
3.39633957425282e-14	0.542797588055404	0.027	0.019	6.57904938928514e-10	c3	PIN1
4.60313996114332e-14	0.582325725177437	0.023	0.015	8.91674241873072e-10	c3	DNAJC8
5.6502909248337e-14	0.428964749443192	0.041	0.03	1.09451785504954e-09	c3	TBCB
6.85498503149703e-14	0.88616647082433	0.01	0.006	1.32787915045129e-09	c3	RAB37
7.15916150585906e-14	0.322981908502666	0.065	0.052	1.38680117529996e-09	c3	ENO1
7.44635437133807e-14	0.705398712384931	0.016	0.01	1.4424333052719e-09	c3	PSMA4
8.14083699511812e-14	0.710398532303769	0.016	0.01	1.57696153432433e-09	c3	GRAP2
8.3649242671161e-14	0.315186364896298	0.071	0.057	1.62036947978306e-09	c3	SEC61G
8.57240581152431e-14	0.456558082020015	0.036	0.027	1.66056072975037e-09	c3	SNRPD3
1.11592903012068e-13	0.34393105799183	0.061	0.048	2.16166612424677e-09	c3	MYH9
1.17054273704706e-13	0.686702147742322	0.017	0.011	2.26745833593386e-09	c3	PHYKPL
1.29470269515127e-13	0.454146947374592	0.033	0.024	2.50796859077752e-09	c3	RPS4Y1
1.57630006842166e-13	0.722736989011434	0.015	0.009	3.05345086253959e-09	c3	FDPS
1.59908924510436e-13	0.495134781806305	0.031	0.022	3.09759577669165e-09	c3	NDUFS6
1.69271783842075e-13	0.519995723304562	0.028	0.02	3.27896372480483e-09	c3	SNRPD1
1.88038382337541e-13	0.53598857303041	0.027	0.019	3.64249150426051e-09	c3	GABARAPL1
1.98422644813388e-13	0.256355882590666	0.104	0.087	3.84364505268013e-09	c3	EDF1
2.04424601152742e-13	0.43268872581086	0.038	0.028	3.95990894892977e-09	c3	ANAPC11
2.17931890034714e-13	0.680186981196597	0.016	0.01	4.22155864186244e-09	c3	HDAC1
2.30517597432543e-13	0.471403168210017	0.033	0.024	4.46535637986579e-09	c3	DOK2
2.47799594210463e-13	0.219337706726457	0.143	0.123	4.80012593945088e-09	c3	LIMD2
2.63145099935604e-13	0.473988040709822	0.033	0.024	5.09738373085258e-09	c3	RASAL3
3.20270934901379e-13	0.513533498731212	0.028	0.02	6.2039682799746e-09	c3	CAPZA1
3.66865016673143e-13	0.255660892336955	0.098	0.082	7.10654223797546e-09	c3	HMGN1
3.70080531238955e-13	0.376256043103123	0.049	0.037	7.16882997062980e-09	c3	RPS27L
3.94332342008266e-13	0.496199546842525	0.029	0.021	7.63861179704211e-09	c3	HMOX2
4.20618697734309e-13	0.436324402927116	0.038	0.028	8.1478047938113e-09	c3	NAA38
4.24190245807808e-13	0.369606156545671	0.054	0.042	8.21698925154306e-09	c3	BAX
5.48953378307541e-13	0.463888095251097	0.034	0.024	1.06337758911954e-08	c3	NDUFS8
5.5474385476011e-13	0.853784234656819	0.01	0.006	1.07459432105581e-08	c3	TNIP3
5.973212384466e-13	0.450588487673953	0.033	0.024	1.15707097099491e-08	c3	ANXA2R
6.81197513964569e-13	0.577311369505636	0.022	0.014	1.31954770430077e-08	c3	CASP4
6.9423825028331e-13	0.8129301255176	0.012	0.007	1.3448089146238e-08	c3	CD2BP2
9.07533472349863e-13	0.353290571818849	0.055	0.043	1.75798308928892e-08	c3	LSM7
9.30776047888068e-13	0.454909826166874	0.031	0.022	1.80300628236398e-08	c3	PLAC8
1.00290944936821e-12	0.348983660494132	0.055	0.043	1.94273589437116e-08	c3	UQCRQ
1.02300098851905e-12	0.45163290753302	0.034	0.025	1.98165521486025e-08	c3	TPM4
1.07715696271462e-12	0.288657555197497	0.079	0.065	2.08656075247449e-08	c3	TMEM258
1.09142585658192e-12	0.327634710519441	0.057	0.045	2.11420102678484e-08	c3	YWHAQ
1.22728152920203e-12	0.352124380630225	0.054	0.042	2.37736705021726e-08	c3	C14orf2
1.23291998782226e-12	0.545187724733973	0.024	0.017	2.38828930841049e-08	c3	IMP3
1.29929009557604e-12	0.356156369395084	0.051	0.04	2.51685484414035e-08	c3	SNRPG
1.81521341731759e-12	0.61601270483218	0.018	0.012	3.5162499106859e-08	c3	RGL4
1.92694620147374e-12	0.428520200032659	0.039	0.03	3.73268748687477e-08	c3	CAPG
2.01845959495625e-12	0.337977961332419	0.056	0.044	3.90995808138976e-08	c3	DYNLL1
2.07581264214521e-12	0.816237871606495	0.011	0.006	4.02105666909949e-08	c3	ACAA2
2.17971132336664e-12	0.43306483140732	0.036	0.027	4.22231880449351e-08	c3	PRDX6
2.39128043527782e-12	0.554513777319049	0.022	0.015	4.63214933117667e-08	c3	COMMD7
2.43896983627411e-12	0.370831014573594	0.048	0.037	4.72452846984657e-08	c3	TMEM59
2.48769408396879e-12	0.777796731471507	0.012	0.007	4.81891221005594e-08	c3	RAB29
2.56563782042311e-12	0.47079896053862	0.03	0.022	4.9698970219416e-08	c3	ENSA
2.85281005958979e-12	0.50624062529822	0.027	0.019	5.52617836643138e-08	c3	GHITM
2.8897116034197e-12	0.490100222289399	0.029	0.021	5.5976603469843e-08	c3	CCND2
4.15563316468268e-12	0.495655594004754	0.027	0.019	8.04987700330682e-08	c3	AMICA1
4.23416941350439e-12	0.447245774767548	0.033	0.024	8.20200957089936e-08	c3	UBE2N
4.8706231669668e-12	0.529154768479152	0.024	0.017	9.43488413673139e-08	c3	SURF4
5.00734027065636e-12	0.641630997825209	0.017	0.011	9.69971883828843e-08	c3	ITGB1BP1
5.11911887663741e-12	0.50120999069298	0.026	0.019	9.91624517593434e-08	c3	LPXN
6.33752204561634e-12	0.525785088462898	0.024	0.016	1.22764139545634e-07	c3	AP2M1
7.91243139722472e-12	0.46240439398528	0.029	0.021	1.5327170859564e-07	c3	RPS19BP1
8.51640144637415e-12	0.483891905679991	0.027	0.02	1.64971212417714e-07	c3	LMAN2
8.94260241951349e-12	0.483020998844252	0.028	0.02	1.73227151468396e-07	c3	DCTN3
1.04956952593316e-11	0.564735781174087	0.02	0.013	2.03312112868513e-07	c3	SRRT
1.05178221653675e-11	0.432456511769201	0.034	0.025	2.03740733165333e-07	c3	PSMD8
1.14375381341608e-11	0.798142823242231	0.01	0.006	2.21556551196829e-07	c3	TRPV2
1.25067932426492e-11	0.162699395948108	0.209	0.188	2.42269091903358e-07	c3	MIF
1.30631576526119e-11	0.538821360256196	0.023	0.016	2.53046426888745e-07	c3	POLR3GL
1.33308067117707e-11	0.437439627539908	0.033	0.024	2.5823105681371e-07	c3	FKBP11
1.40077238090408e-11	0.402966004733886	0.038	0.029	2.7134361790493e-07	c3	PTP4A2
1.7410903987958e-11	0.276484431043411	0.075	0.061	3.37266621150735e-07	c3	RAN
1.91496131139549e-11	0.629790950712867	0.016	0.01	3.7094715563042e-07	c3	TES
2.07582071184422e-11	0.240184985528087	0.094	0.079	4.02107230091343e-07	c3	RNASEK
2.20671378324654e-11	0.564832032696396	0.019	0.013	4.27462526952687e-07	c3	SCAMP2
2.53631494067729e-11	0.376175855741788	0.045	0.035	4.91309567158598e-07	c3	NDUFB4
2.79592775999922e-11	0.428811648855321	0.034	0.025	5.4159916638945e-07	c3	WAS
3.74374896756506e-11	0.382949956565961	0.04	0.031	7.25201612507028e-07	c3	TERF2IP
3.75729218706195e-11	0.423779603747287	0.031	0.023	7.27825069555771e-07	c3	DSTN
3.76410334145244e-11	0.509249295408652	0.024	0.017	7.29144458272753e-07	c3	ADRM1
3.97768869614642e-11	0.447163850657843	0.03	0.022	7.70518077330523e-07	c3	HN1
4.05278446686136e-11	0.43476688446543	0.031	0.023	7.85064879075715e-07	c3	MDH2
4.15786605964039e-11	0.432540454759641	0.031	0.023	8.05420234412939e-07	c3	PHPT1
4.19226916288991e-11	0.331247746671766	0.053	0.042	8.12084459543405e-07	c3	ICAM3
4.48201124535138e-11	0.730636003883954	0.011	0.007	8.68210398337015e-07	c3	TIPRL
4.48712465675451e-11	0.674752077102891	0.014	0.009	8.69200917259917e-07	c3	TIMM8B
4.56226404361722e-11	0.389939625420442	0.039	0.03	8.83756167889091e-07	c3	IFI16
5.17830913200516e-11	0.476312236079507	0.026	0.018	1.00309026196072e-06	c3	PPP4C
5.5561586783527e-11	0.370442687871879	0.043	0.034	1.0762834975837e-06	c3	PRELID1
5.8992379400371e-11	0.438245387921589	0.031	0.023	1.14274138136459e-06	c3	SH3KBP1
6.18738301671344e-11	0.481616620262947	0.025	0.018	1.19855796416756e-06	c3	CYFIP2
6.69711456537361e-11	0.318272638903435	0.056	0.045	1.29729806245852e-06	c3	VPS28
7.27361089889824e-11	0.737940804507188	0.011	0.007	1.40897116722558e-06	c3	EBP
8.0622169929005e-11	0.606403093134511	0.016	0.011	1.56173205369475e-06	c3	TMEM109
8.49388008607232e-11	0.277580079734007	0.07	0.057	1.64534951147307e-06	c3	UQCRH
9.41580042740299e-11	0.732124085543364	0.011	0.007	1.82393470079223e-06	c3	RBBP7
1.0832899614642e-10	0.573292415029999	0.017	0.012	2.09844098435231e-06	c3	C6orf1
1.20900431948374e-10	0.486528101391798	0.024	0.017	2.34196226727196e-06	c3	ZNF428
1.24650326753538e-10	0.349392139018486	0.044	0.035	2.41460147954278e-06	c3	SYNE2
1.28208216984983e-10	0.33335176206888	0.048	0.038	2.48352137121611e-06	c3	GTF3A
1.31409692674166e-10	0.554551149234447	0.019	0.013	2.54553715679127e-06	c3	KRAS
1.36051813187635e-10	0.501915962575495	0.023	0.016	2.63545967325767e-06	c3	SNX17
1.44692772656992e-10	0.54667316904136	0.02	0.014	2.80284369913859e-06	c3	FAM195B
1.59630427536252e-10	0.373547624080325	0.039	0.03	3.09220101180473e-06	c3	FIS1
1.5970600914838e-10	0.522657600901482	0.021	0.015	3.09366510321327e-06	c3	MRPL51
1.66363976918988e-10	0.469260821971851	0.025	0.018	3.22263659689772e-06	c3	VAMP5
1.84619632959607e-10	0.309593747627893	0.057	0.046	3.57626691006054e-06	c3	CSTB
2.03719566269884e-10	0.429615233840259	0.029	0.022	3.94625171821393e-06	c3	EWSR1
2.25922971292651e-10	0.381239026099264	0.037	0.029	4.37635387690993e-06	c3	MEAF6
2.53107571074219e-10	0.439187670324679	0.028	0.021	4.90294675927871e-06	c3	NT5C
2.71365051759532e-10	0.729179471664438	0.011	0.007	5.2566124176339e-06	c3	UBE2F
2.9727412606245e-10	0.679822214329317	0.012	0.008	5.75849709595572e-06	c3	VPS26A
3.40489069725915e-10	0.297404282097349	0.057	0.046	6.59561376966071e-06	c3	ABRACL
3.45019814234e-10	0.389358436333419	0.036	0.028	6.68337882152681e-06	c3	ARRB2
4.14377105518902e-10	0.74229084544109	0.01	0.006	8.02689891100664e-06	c3	COMMD8
4.42545878681518e-10	0.3068906831389	0.054	0.043	8.57255621593969e-06	c3	HNRNPC
4.88547319951868e-10	0.630068527327531	0.011	0.007	9.46365013478763e-06	c3	TNFRSF9
5.24466927449471e-10	0.419103080358971	0.029	0.022	1.01594488516237e-05	c3	AKNA
5.47914217135451e-10	0.47631881515127	0.024	0.017	1.06136463001308e-05	c3	RGS19
5.48851270592436e-10	0.388583639910967	0.035	0.027	1.06317979626461e-05	c3	BZW1
5.98326695255494e-10	0.511672800684816	0.02	0.014	1.15901864137942e-05	c3	PPP1R12A
6.42625508133049e-10	0.532987228557425	0.019	0.013	1.24482987180453e-05	c3	ZBTB38
7.27133430239584e-10	0.455380003629338	0.025	0.018	1.4085301677171e-05	c3	RER1
7.31152539182064e-10	0.593132480134019	0.015	0.01	1.41631558364958e-05	c3	MAPK1
1.04506950132906e-09	0.3920758163411	0.034	0.026	2.02440413102452e-05	c3	DEK
1.11849818421692e-09	0.604060069207576	0.015	0.01	2.16664283264659e-05	c3	IRF2
1.16575911022428e-09	0.257301073533696	0.068	0.057	2.25819197241546e-05	c3	KIAA1551
1.28758904203804e-09	0.411349051608746	0.029	0.022	2.49418873333189e-05	c3	SF3B2
1.2975981353201e-09	0.558455028501275	0.016	0.011	2.51357734792857e-05	c3	IAH1
1.30224198049011e-09	0.342098240172709	0.042	0.033	2.52257294040739e-05	c3	FKBP8
1.67534330871386e-09	0.395742382063308	0.032	0.024	3.24530752330962e-05	c3	NDUFA2
1.67713835659623e-09	0.471296081607902	0.023	0.016	3.24878471056256e-05	c3	SDHAF2
1.8362150982322e-09	0.535849899022432	0.018	0.012	3.5569322667856e-05	c3	CAPN2
1.93881344278176e-09	0.412435805233344	0.029	0.022	3.75567552001255e-05	c3	PSMA1
1.97275594851178e-09	0.291675717264705	0.054	0.044	3.82142554786216e-05	c3	ACAP1
2.24486506440518e-09	0.643493441254286	0.012	0.008	4.34852811625927e-05	c3	GTF3C6
2.77578723406382e-09	0.592083628731306	0.014	0.01	5.37697745110502e-05	c3	PCMT1
2.96133171102261e-09	0.421065320645183	0.033	0.026	5.73639565742189e-05	c3	DUT
3.23622430194378e-09	0.49770362983958	0.02	0.014	6.26889009529529e-05	c3	C8orf59
3.3662200620698e-09	0.499974572824653	0.019	0.014	6.5207048822354e-05	c3	MAP4K1
3.43893462859302e-09	0.655765717777515	0.012	0.007	6.66156026904754e-05	c3	ETFA
3.6364119781362e-09	0.417594928942862	0.028	0.021	7.04409364284763e-05	c3	OPTN
4.28149802627742e-09	0.429676525424223	0.025	0.019	8.293689826702e-05	c3	POLR2E
4.55765451160331e-09	0.414208553392889	0.027	0.021	8.82863255442677e-05	c3	PSMA6
4.82044281283032e-09	0.28421890663471	0.052	0.043	9.33767977273362e-05	c3	C11orf31
5.02424666214272e-09	0.463225055024842	0.022	0.016	9.73246820923667e-05	c3	CLTA
5.24405698420446e-09	0.323561000356458	0.044	0.035	0.000101582627841025	c3	PAIP2
5.34617358694159e-09	0.37269307796802	0.033	0.026	0.000103560728552646	c3	CSK
5.54087079614043e-09	0.63321875800901	0.012	0.008	0.000107332208192036	c3	ZMAT2
5.58754239522929e-09	0.312031889584919	0.047	0.038	0.000108236283737987	c3	TRAF3IP3
7.51028029114749e-09	0.665212928885906	0.011	0.007	0.000145481639519818	c3	DDAH2
7.74298037299992e-09	0.704786353040776	0.01	0.006	0.000149989272805381	c3	GPR25
8.3469323110367e-09	0.23529370784863	0.075	0.063	0.000161688425797092	c3	H3F3AP4
8.53936459194557e-09	0.677524667424392	0.01	0.006	0.000165416031510578	c3	RPS6KA1
8.99720146357506e-09	0.697658681437682	0.01	0.006	0.000174284789550913	c3	PSENEN
9.22586316872912e-09	0.596618655912267	0.013	0.009	0.000178714195441452	c3	SDHA
9.51468881465382e-09	0.576441678891165	0.014	0.01	0.000184309037028659	c3	HPS1
1.04177725779232e-08	0.22371224148307	0.085	0.073	0.00020180267260695	c3	ANAPC16
1.0788088952119e-08	0.564898799405076	0.015	0.01	0.000208976071091497	c3	TADA3
1.14386215341333e-08	0.686038559172351	0.01	0.006	0.000221577537737697	c3	NFATC3
1.23869923097141e-08	0.255506576124952	0.067	0.056	0.000239948428031472	c3	NDUFA11
1.2606605912006e-08	0.33560605224017	0.039	0.031	0.000244202563121467	c3	CCDC107
1.35606613042877e-08	0.633494845473423	0.012	0.007	0.000262683570125357	c3	NMRAL1
1.42587946996524e-08	0.343154227125672	0.036	0.029	0.000276207112126967	c3	JTB
1.61246346670656e-08	0.46219317544287	0.021	0.015	0.000312350298135727	c3	CCNDBP1
1.63442738584062e-08	0.524946461340276	0.016	0.011	0.000316604928911187	c3	PHB
1.64072329183377e-08	0.646717311472465	0.011	0.007	0.00031782450886112	c3	ABT1
1.66079103437817e-08	0.329525462647188	0.04	0.032	0.000321711831269396	c3	UBE2I
1.73760610730892e-08	0.398448064754245	0.028	0.021	0.000336591679046811	c3	RBL2
1.81817532580779e-08	0.498076556390507	0.018	0.012	0.000352198742362227	c3	MDH1
1.81867302360586e-08	0.622978290923317	0.012	0.008	0.000352295151402691	c3	PPP1R14B
1.94177367581725e-08	0.350630520759873	0.034	0.027	0.000376140978742559	c3	ATP6V1F
1.96670025404757e-08	0.351570527514117	0.035	0.027	0.000380969506211554	c3	BCAP31
2.05885249630943e-08	0.460747927009098	0.02	0.015	0.0003988203170601	c3	HM13
2.1334453710636e-08	0.672511957441805	0.01	0.007	0.00041326970282873	c3	MIF4GD
2.17495072211017e-08	0.246288634333013	0.055	0.045	0.00042130970437996	c3	HSPA5
2.28234270330984e-08	0.371456925913384	0.032	0.025	0.000442112605058148	c3	SELT
2.33622472821904e-08	0.32803987904249	0.038	0.03	0.000452550092103309	c3	MAT2B
2.38784289159306e-08	0.461306191518681	0.02	0.014	0.000462549046530491	c3	STRA13
2.40526186872491e-08	0.42712252869509	0.024	0.018	0.000465923276590702	c3	PPP2R1A
2.68287884887913e-08	0.273318701112546	0.046	0.038	0.000519700461816377	c3	CARD16
3.12277040526266e-08	0.401211392291069	0.026	0.02	0.00060491185520343	c3	UQCRFS1
3.74897653106579e-08	0.42848158230692	0.022	0.016	0.000726214243832755	c3	TSC22D4
3.84452238199279e-08	0.474337929546037	0.019	0.013	0.000744722430615823	c3	CCT7
3.97401448706271e-08	0.209809665781688	0.087	0.075	0.000769806346288918	c3	SSR2
4.44814174782501e-08	0.402366382122765	0.026	0.02	0.000861649537971182	c3	RAD21
4.88746866242129e-08	0.493446580619426	0.017	0.012	0.000946751554597628	c3	RAB8B
5.52215858826879e-08	0.538703896077586	0.015	0.01	0.00106969734013355	c3	PDCD10
5.52377068698428e-08	0.394603236195761	0.026	0.02	0.00107000961977573	c3	TMEM179B
5.53578167086198e-08	0.488592494966134	0.017	0.012	0.00107233626746268	c3	AP3S1
5.83227256279171e-08	0.552520604788012	0.014	0.01	0.00112976951813838	c3	PSMC3
5.83681572508332e-08	0.366479673607295	0.029	0.023	0.00113064957410589	c3	ACTR2
5.92854305929034e-08	0.528754235669981	0.015	0.01	0.00114841807601513	c3	SDHD
5.93956119275518e-08	0.615602760937714	0.011	0.008	0.00115055239864861	c3	LOC100130872
6.04228317232122e-08	0.342246185753415	0.033	0.026	0.00117045067331034	c3	DEF6
6.76127525928845e-08	0.509004297060724	0.016	0.011	0.00130972663047677	c3	LSM3
6.88271163822861e-08	0.3575640033964	0.03	0.023	0.00133325007144126	c3	NAA10
6.99246583040213e-08	0.568233961156651	0.013	0.009	0.0013545105560072	c3	MANF
7.66665950543468e-08	0.442204820984679	0.021	0.016	0.00148510861279775	c3	NCOR1
7.82925004399468e-08	0.406446631040088	0.024	0.018	0.00151660402602221	c3	SNRPA
8.03838491471979e-08	0.367644145504607	0.031	0.024	0.00155711554183037	c3	MGST3
8.11766081088584e-08	0.307813185105656	0.042	0.034	0.0015724720756767	c3	TBCA
8.27508475884083e-08	0.597848274800437	0.011	0.007	0.00160296666863506	c3	CIAO1
8.31696076641169e-08	0.404756997024008	0.024	0.019	0.00161107847006161	c3	RNF181
8.39052004444775e-08	0.342070715966301	0.035	0.028	0.00162532763780997	c3	NDUFS7
8.58084893470571e-08	0.397585976945177	0.025	0.019	0.00166219624714184	c3	IK
8.61770894654606e-08	0.303084798840464	0.039	0.032	0.00166933640003544	c3	GPR65
8.91175588810722e-08	0.310741296483352	0.039	0.032	0.00172629623308525	c3	SUN2
9.29070962525606e-08	0.167707798228169	0.093	0.081	0.00179970336150835	c3	TUBA4A
9.87261668326413e-08	0.298320513173275	0.043	0.035	0.00191242457771509	c3	SERBP1
1.04943910648743e-07	0.459385347290366	0.019	0.014	0.00203286849317681	c3	METTL23
1.09353052047632e-07	0.423793630343573	0.022	0.016	0.00211827797121468	c3	XRCC5
1.16951246156734e-07	0.5527542786133	0.013	0.009	0.0022654625893021	c3	HDDC2
1.17476494909149e-07	0.49123134443506	0.016	0.011	0.00227563718288513	c3	UFD1L
1.20892321297215e-07	0.299372713854884	0.042	0.034	0.00234180515584836	c3	FAM96B
1.32575820827197e-07	0.49000801109844	0.017	0.012	0.00256812622524364	c3	PSMD13
1.39676604000222e-07	0.275916864009251	0.047	0.039	0.00270567549608829	c3	CCDC85B
1.40866487364882e-07	0.50480021600441	0.016	0.011	0.00272872472674512	c3	VDAC3
1.45429965807763e-07	0.343404821907958	0.033	0.026	0.00281712386766218	c3	AIP
1.54171232015187e-07	0.628940606814604	0.01	0.007	0.00298645093536619	c3	BCAS4
1.78292470557295e-07	0.50986732502717	0.015	0.01	0.00345370344716536	c3	FIBP
1.81311445864425e-07	0.592438709963935	0.011	0.007	0.00351218401783977	c3	NUDT1
1.8517323579616e-07	0.357269278855925	0.029	0.022	0.00358699075060741	c3	TMEM256
1.96436770155532e-07	0.381492582931239	0.025	0.02	0.00380517667468281	c3	TMEM230
2.05410935407068e-07	0.366713820331965	0.027	0.021	0.00397901522977031	c3	ZNHIT1
2.23116695702372e-07	0.362419361358104	0.028	0.021	0.00432199351245064	c3	GPS2
2.28899182658028e-07	0.405736342465302	0.022	0.017	0.00443400606726867	c3	IRF9
2.29605615173334e-07	0.415958810954064	0.022	0.016	0.00444769037152265	c3	NAPA
2.40026823758486e-07	0.366181280154303	0.028	0.021	0.00464955960302564	c3	SSBP1
2.45308495026753e-07	0.400571693917913	0.023	0.017	0.00475187085716324	c3	PDCD6
2.58242164052532e-07	0.307270144845964	0.038	0.031	0.00500240895986159	c3	IQGAP1
2.79100496798405e-07	0.585124901532653	0.011	0.008	0.00540645572348191	c3	LASP1
2.91031265600836e-07	0.506671162728753	0.015	0.011	0.0056375666459538	c3	VASP
2.97492370397153e-07	0.602102633638572	0.01	0.007	0.00576272470696325	c3	LOC100129361
3.03561395450171e-07	0.47909723688799	0.016	0.011	0.00588028779126525	c3	SNRPC
3.83754538595103e-07	0.424721755912529	0.02	0.015	0.00743370916712574	c3	TEX264
3.89099647207363e-07	0.416312369353307	0.02	0.015	0.00753724926605383	c3	LSM14A
4.06567082262373e-07	0.381795922367047	0.025	0.019	0.00787561095050443	c3	LSM6
4.08003067262671e-07	0.331300445484221	0.034	0.027	0.0079034274159452	c3	TCEA1
4.1992519442546e-07	0.450150958812483	0.018	0.013	0.00813437094121559	c3	TMX1
4.35746559788476e-07	0.453261325245197	0.018	0.013	0.00844084660966257	c3	FDFT1
4.38813494909702e-07	0.321999615378981	0.033	0.027	0.00850025620989584	c3	SEC11A
4.44805887397424e-07	0.181928556273632	0.1	0.088	0.0086163348447755	c3	UQCRB
4.60467366943809e-07	0.23226118815889	0.048	0.04	0.00891971336506852	c3	HSP90B1
4.92705992107829e-07	0.46930188704	0.016	0.012	0.00954420777312075	c3	SARNP
4.96139086870707e-07	0.428548821486386	0.019	0.014	0.00961071025177246	c3	THRAP3
5.07115194183064e-07	0.554129981455042	0.012	0.008	0.00982332842652013	c3	SPAG7
5.36583395195556e-07	0.440620140287322	0.018	0.013	0.0103941569483331	c3	GOLGA7
5.45645115529754e-07	0.258024454372927	0.048	0.04	0.0105696915329269	c3	SF3B5
5.46702521052418e-07	0.27589730595192	0.044	0.036	0.0105901745353064	c3	SCAND1
5.54756624611547e-07	0.360611559730494	0.027	0.021	0.0107461905753503	c3	TMCO1
5.70923066783944e-07	0.426160796081055	0.019	0.014	0.0110593507266718	c3	NDUFAB1
5.8702899949262e-07	0.506184060369212	0.014	0.01	0.0113713387491715	c3	ARHGAP25
6.05347008880996e-07	0.347836351540429	0.028	0.022	0.0117261769090338	c3	XRCC6
6.08725301832572e-07	0.588767287572618	0.01	0.007	0.0117916178217988	c3	DAXX
6.20635486970068e-07	0.461748871804723	0.017	0.012	0.0120223300180972	c3	SDHC
6.39155092845874e-07	0.493136690157298	0.014	0.01	0.0123810733035174	c3	RPA2
6.50180117011401e-07	0.482949562383596	0.015	0.01	0.0125946390466279	c3	PIN4
6.511103806583e-07	0.431532343342639	0.018	0.014	0.0126126591837319	c3	PDCD5
6.5678385687503e-07	0.549637366916172	0.012	0.008	0.0127225600915262	c3	RBM42
6.63001184438637e-07	0.268231394629566	0.044	0.036	0.0128429959437608	c3	TOMM6
6.8018535464515e-07	0.384391839421966	0.023	0.017	0.0131758705048312	c3	PPIG
7.46567866000739e-07	0.539693221172559	0.012	0.008	0.0144617661323003	c3	AKR1B1
8.00415763291338e-07	0.464095654548625	0.016	0.011	0.0155048537507165	c3	PSMD7
8.12829543312634e-07	0.219043713179535	0.065	0.056	0.015745321083509	c3	NCL
8.3129157127761e-07	0.311671465662131	0.034	0.027	0.0161029490272186	c3	LSM8
8.57972183409152e-07	0.517411897821102	0.013	0.009	0.0166197791648187	c3	TMEM14A
8.91257236708195e-07	0.444649147378537	0.017	0.012	0.0172645439322744	c3	ETFB
8.97675379636178e-07	0.305330169151284	0.034	0.028	0.0173888697789324	c3	SNRPF
9.26308384803942e-07	0.418235520729181	0.018	0.014	0.0179435197220372	c3	PDLIM2
1.08343094665622e-06	0.513405287663285	0.012	0.009	0.0209871408676777	c3	LAIR2
1.22564435525563e-06	0.316125131747621	0.032	0.025	0.0237419568056568	c3	PSTPIP1
1.26975538094292e-06	0.533690788507933	0.012	0.008	0.0245964314842454	c3	OVCA2
1.28137251585409e-06	0.551762045714159	0.011	0.008	0.0248214670046095	c3	MRPS12
1.30837102318964e-06	0.271792019955706	0.044	0.036	0.0253444550902065	c3	NDUFB9
1.34180730852461e-06	0.494346453282689	0.014	0.01	0.0259921493734303	c3	PYCR2
1.44221898901268e-06	0.395745889762486	0.021	0.016	0.0279372240361645	c3	HNRNPR
1.557575161841e-06	0.539073353183198	0.012	0.008	0.030171788460022	c3	TNFRSF1A
1.64890274732935e-06	0.438063083641186	0.016	0.012	0.0319408951185168	c3	VKORC1
1.79108296881664e-06	0.371366343532886	0.023	0.017	0.0346950681889471	c3	RBBP4
2.06018580436085e-06	0.222822601923635	0.059	0.05	0.039907859216274	c3	NDUFB11
2.34983576831816e-06	0.258758108964694	0.047	0.039	0.0455186686680912	c3	CD164
2.38226482872249e-06	0.452142379411387	0.015	0.011	0.0461468519971833	c3	ZFAND6
2.38661661235009e-06	0.449431395135642	0.015	0.011	0.0462311503978336	c3	TMEM9B
2.42690742785789e-06	0.313836889251535	0.031	0.025	0.0470116237850352	c3	NAP1L4
2.44581844020705e-06	0.504127474075275	0.013	0.009	0.0473779490052507	c3	MAGED2
2.52411760609163e-06	0.555407979018968	0.01	0.007	0.0488946821476009	c3	CD300A
