p_val	avg_log2FC	pct.1	pct.2	p_val_adj	cluster	gene
0	1.11995202214108	0.783	0.439	0	c4	FOS
0	1.05143057417982	0.777	0.453	0	c4	JUN
0	1.10585713659265	0.824	0.501	0	c4	JUNB
0	1.39752419176202	0.563	0.245	0	c4	IL7R
0	0.939920662157395	0.632	0.394	0	c4	ZFP36
0	0.92185483281087	0.572	0.345	0	c4	DNAJB1
0	0.924037383813635	0.583	0.357	0	c4	DUSP1
0	0.523950926780229	0.799	0.594	0	c4	RPL36
0	0.519069130557099	0.752	0.547	0	c4	RPS13
0	0.505014758019683	0.823	0.619	0	c4	RPS3A
0	0.441079123424529	0.779	0.583	0	c4	RPS8
0	0.706468329807876	0.56	0.374	0	c4	TSC22D3
0	0.506423961100731	0.931	0.746	0	c4	RPL11
0	0.488970172538814	0.637	0.456	0	c4	RPL5
0	0.438453469876823	0.747	0.569	0	c4	RPS25
0	0.505347092482496	0.906	0.729	0	c4	RPL34
0	0.427731056494167	0.725	0.548	0	c4	RPL3
0	0.5530896741916	0.948	0.771	0	c4	RPL32
0	0.974546216140391	0.401	0.225	0	c4	NFKBIA
0	0.403186826873558	0.835	0.66	0	c4	RPS21
0	0.730424053742238	0.586	0.412	0	c4	FTH1
0	0.538351809540154	0.767	0.594	0	c4	TPT1
0	0.425639803101518	0.762	0.59	0	c4	RPL35A
0	0.402532766941941	0.788	0.617	0	c4	RPL12
0	0.572382261954666	0.544	0.375	0	c4	RPL9
0	0.401321604455634	0.862	0.694	0	c4	RPL18A
0	1.00492967137557	0.364	0.196	0	c4	TNFAIP3
0	0.465606071778044	0.629	0.461	0	c4	RPLP0
0	0.4432657207236	0.702	0.534	0	c4	RPL8
0	0.415892389335129	0.702	0.535	0	c4	RPL18
0	0.420835884811681	0.75	0.584	0	c4	RPL37
0	0.392565484222638	0.73	0.565	0	c4	RPL29
0	1.10109183617791	0.32	0.155	0	c4	BTG2
0	0.818279062396061	0.419	0.254	0	c4	SARAF
0	0.414543751747335	0.866	0.704	0	c4	RPS4X
0	0.341641528609023	0.82	0.66	0	c4	RPS23
0	0.408222115726007	0.9	0.741	0	c4	RPL19
0	0.601004389798228	0.535	0.377	0	c4	CD69
0	0.416089222404305	0.68	0.522	0	c4	RPL14
0	0.413784736516349	0.885	0.728	0	c4	RPS27A
0	0.709920046132931	0.403	0.247	0	c4	HSPA1B
0	0.849610091046806	0.386	0.231	0	c4	IER2
0	0.606549784522056	0.513	0.36	0	c4	BTG1
0	0.367621313396675	0.801	0.649	0	c4	RPS14
0	0.368930638994803	0.868	0.72	0	c4	RPS18
0	0.383363671602479	0.904	0.757	0	c4	RPS3
0	0.467609700364657	0.952	0.806	0	c4	RPL30
0	0.474920552501174	0.959	0.822	0	c4	RPL13
0	0.476559378205418	0.951	0.817	0	c4	RPL39
0	0.448276822421453	0.969	0.837	0	c4	RPS12
0	0.884329709385659	0.293	0.162	0	c4	PPP1R15A
0	0.261697724165252	0.948	0.834	0	c4	RPS15A
0	0.324191324273735	0.962	0.859	0	c4	RPL28
0	0.395299705074038	0.979	0.879	0	c4	RPL10
0	0.464867030607764	0.953	0.853	0	c4	EEF1A1
0	0.461008243729665	0.965	0.876	0	c4	RPLP1
0	0.285198713828993	0.989	0.916	0	c4	RPS27
0	0.285040401924812	0.994	0.941	0	c4	RPL41
4.74863436228765e-307	0.41520123397192	0.652	0.493	9.1985796231874e-303	c4	RPS6
5.39989714560145e-301	0.312688147935975	0.885	0.767	1.04601407607446e-296	c4	RPS19
8.97117894759419e-300	0.441810557993883	0.594	0.431	1.73780707393847e-295	c4	RPS5
1.60009482673725e-296	0.554823932861828	0.468	0.321	3.09954368887272e-292	c4	RPL22
6.14721927299325e-293	0.887247484863973	0.29	0.173	1.19077784537152e-288	c4	DDIT4
2.28365466888929e-282	0.818521479036567	0.218	0.116	4.42366745910545e-278	c4	FOSB
8.35129115375534e-279	0.99525340703284	0.202	0.106	1.61772860939395e-274	c4	SLC2A3
2.4945137956223e-277	0.641812590382272	0.299	0.178	4.83212267349997e-273	c4	LTB
7.83935505924411e-256	0.434300433397326	0.611	0.474	1.51856146852618e-251	c4	EIF1
2.0678282576086e-249	0.599460638875049	0.428	0.3	4.00559011781362e-245	c4	ZFP36L2
1.75602340500073e-242	0.524703098586282	0.422	0.296	3.40159293782692e-238	c4	HSPA1A
3.61770914666877e-233	0.723785670460354	0.289	0.182	7.00786438801208e-229	c4	PABPC1
2.99375604978649e-220	0.278628258776249	0.814	0.687	5.7992048440414e-216	c4	RPS15
8.21531716968848e-214	0.490723729844036	0.409	0.285	1.59138908894036e-209	c4	EEF1B2
7.51318760666973e-213	1.26355207974228	0.102	0.045	1.45537957128799e-208	c4	SOCS3
2.42431257372256e-211	0.489225588501195	0.408	0.287	4.69613588655798e-207	c4	KLF6
9.76723109880522e-200	0.857587471563091	0.173	0.095	1.89201033614956e-195	c4	NR4A1
1.25205988768723e-186	0.310775027506926	0.681	0.56	2.42536520843893e-182	c4	RPS29
3.6905457400232e-186	1.2033170339151	0.095	0.043	7.14895615299893e-182	c4	CDKN1A
3.01706959904075e-180	1.35154945524435	0.068	0.026	5.84436552030184e-176	c4	CD40LG
5.55418016213339e-172	0.316312571475165	0.571	0.441	1.07590023920686e-167	c4	FXYD5
1.5285574832326e-171	0.374337136765627	0.518	0.401	2.96096870076987e-167	c4	RPS9
1.10330590667445e-160	0.758749785228773	0.178	0.105	2.13721387181907e-156	c4	LEPROTL1
3.73385689125295e-159	0.491494655326291	0.386	0.286	7.23285418404609e-155	c4	HSPA8
3.27513551542524e-157	0.37445321657643	0.525	0.419	6.34426500693022e-153	c4	H3F3B
3.8164270353477e-155	0.368480887530387	0.505	0.395	7.39280081017203e-151	c4	RPL24
1.10975187927661e-154	0.319579384920138	0.592	0.48	2.14970036534673e-150	c4	RPLP2
3.01463178987855e-149	1.38623191225367	0.056	0.022	5.83964324017373e-145	c4	CCR7
4.98561406935943e-141	0.690740069654189	0.175	0.107	9.65763301375616e-137	c4	DNAJA1
7.6658425662848e-140	0.382809960353729	0.432	0.329	1.48495036351503e-135	c4	RPL10A
9.6582345062601e-138	0.450496224610997	0.317	0.227	1.87089660620764e-133	c4	HSP90AA1
5.77877659682265e-137	0.519003736796902	0.279	0.194	1.11940681457052e-132	c4	EEF1G
1.29908865469878e-136	0.565935434489403	0.325	0.24	2.51646463301701e-132	c4	TXNIP
1.05445452879906e-134	0.741450123659346	0.16	0.096	2.04258386773667e-130	c4	SNHG8
7.79042098383127e-134	0.46952661176302	0.32	0.231	1.50908244877796e-129	c4	RPL4
6.81498239611445e-133	0.389831771194001	0.424	0.326	1.32013023995133e-128	c4	RPS16
5.16725605770618e-132	0.248053615497926	0.702	0.595	1.00094917093826e-127	c4	FAU
5.56630880316048e-130	0.752281372700606	0.182	0.115	1.07824967826022e-125	c4	GADD45B
2.4538278354467e-126	0.679853111260273	0.17	0.106	4.75330990004381e-122	c4	LDHB
1.23653829527848e-125	0.413095305680876	0.383	0.291	2.39529833178395e-121	c4	RPL21
4.2971403194717e-124	0.45828084798935	0.335	0.247	8.32399051284864e-120	c4	CXCR4
4.1332561769886e-120	0.878114203019174	0.111	0.062	8.00653054044461e-116	c4	KLF2
1.65472783920566e-118	0.626666552042756	0.136	0.08	3.20537329732529e-114	c4	EGR1
2.97757778524594e-114	0.428131467607671	0.338	0.253	5.76786592779991e-110	c4	RPL38
5.25075295845198e-112	0.220425675308009	0.703	0.599	1.01712335558173e-107	c4	RPS7
2.33767597346415e-106	0.714125208471867	0.146	0.092	4.5283121281974e-102	c4	RGCC
5.32265077836746e-102	0.480208685932844	0.244	0.174	1.03105068227756e-97	c4	HSP90AB1
8.37205935280683e-102	0.912740805817259	0.077	0.04	1.62175161723221e-97	c4	GPR183
9.66752509926966e-101	0.609193556340009	0.168	0.11	1.87269628697953e-96	c4	ZFAS1
1.12335315488739e-99	0.292780842113755	0.506	0.417	2.17604739633237e-95	c4	RPL35
3.72481362618753e-98	0.242068986061308	0.602	0.511	7.21533647528787e-94	c4	RPL6
2.81159240981756e-96	1.43963781393245	0.033	0.012	5.44633565705759e-92	c4	CCR6
3.3845050195922e-94	0.408077172927446	0.298	0.224	6.55612467345204e-90	c4	RPL36A
1.65069526116592e-92	0.30570334587112	0.433	0.349	3.1975617904045e-88	c4	GNB2L1
1.10314478976506e-90	0.755641938826761	0.122	0.076	2.1369017722539e-86	c4	CYCS
2.01380490465419e-89	1.3347817425367	0.036	0.014	3.90094148080564e-85	c4	PASK
7.3287597328671e-86	0.282588370829278	0.428	0.345	1.41965404785369e-81	c4	RPSA
4.60192603005422e-85	0.695895246255493	0.121	0.076	8.91439091281803e-81	c4	FYB
4.21004321780055e-84	0.319320302014723	0.381	0.304	8.15527471720145e-80	c4	RPS2
4.27914998268777e-84	0.565383336792569	0.195	0.138	8.28914143146448e-80	c4	ANXA1
4.78008412272051e-83	1.16608075755629	0.043	0.019	9.25950095412189e-79	c4	AQP3
7.56390250818514e-77	0.221171713803806	0.598	0.52	1.46520355486054e-72	c4	PTMA
2.02266404914854e-75	0.855334172886046	0.069	0.038	3.91810252960563e-71	c4	PIK3IP1
1.52875240107473e-72	0.579234634951783	0.138	0.093	2.96134627612186e-68	c4	HSPE1
3.52477756902458e-72	0.174371594487726	0.662	0.575	6.82784662895752e-68	c4	RPL7A
4.27772552956453e-72	0.312307644396891	0.379	0.31	8.28638212331946e-68	c4	EEF1D
7.57507425014768e-71	0.158277194555366	0.73	0.645	1.46736763299611e-66	c4	RPL26
1.53355126084903e-70	1.83439560810457	0.015	0.004	2.97064214739065e-66	c4	LOC102724246
1.6866668460392e-70	0.260593372456511	0.432	0.358	3.26724234746253e-66	c4	NACA
1.24816323868633e-69	0.878994097908259	0.06	0.032	2.41781700965929e-65	c4	BIRC3
2.29461672128e-69	0.39221905240371	0.255	0.195	4.4449020507915e-65	c4	TOMM7
8.62302637441663e-67	0.85072602595891	0.062	0.034	1.67036643898825e-62	c4	ARHGAP15
1.21150096746586e-66	0.3950202958546	0.2	0.147	2.34679852407811e-62	c4	KLRB1
4.94182519127729e-66	0.391710884994548	0.239	0.182	9.57280957802323e-62	c4	EEF2
4.99035230419054e-66	0.593362584997647	0.121	0.08	9.6668114484475e-62	c4	TUBA1A
1.72075437750315e-65	1.14384785412128	0.035	0.016	3.33327330466135e-61	c4	LEF1
1.47516105140023e-64	1.50474580461894	0.018	0.006	2.85753447266738e-60	c4	IL2
1.44972864079463e-61	0.597685238625373	0.112	0.074	2.80826935008327e-57	c4	TNF
5.62856748782906e-60	0.417857368631915	0.195	0.145	1.09030980806737e-55	c4	SRSF7
1.07572072142731e-57	1.75837723313458	0.014	0.004	2.08377860947683e-53	c4	FAAH2
2.18046122912854e-56	0.550991144271822	0.118	0.081	4.2237714469449e-52	c4	SNHG6
9.79045281628403e-56	0.69909226287611	0.074	0.046	1.89650861504238e-51	c4	CSRNP1
5.8253907463205e-55	0.582415707681244	0.103	0.069	1.12843644146974e-50	c4	GLTSCR2
1.58865168784654e-54	0.840231637510864	0.052	0.029	3.07737718452753e-50	c4	TMEM123
2.5223970085433e-54	0.70834242735595	0.075	0.046	4.88613524524923e-50	c4	SELL
2.06517457982862e-53	0.296091822732567	0.316	0.259	4.00044967858602e-49	c4	PFDN5
1.11255596825891e-52	0.407456885588407	0.193	0.147	2.15513216611433e-48	c4	PNRC1
2.75188862247974e-50	0.605742349962453	0.091	0.06	5.33068345060551e-46	c4	SERTAD1
5.35870158162975e-50	0.749699765768105	0.053	0.031	1.0380340833775e-45	c4	LMNA
3.40468659374304e-49	1.32379133747776	0.02	0.008	6.59521840073964e-45	c4	TESPA1
1.12702259617307e-48	0.713115500942945	0.063	0.038	2.18315547104685e-44	c4	FLT3LG
6.32418898347358e-48	0.526682054281345	0.104	0.072	1.22505864798867e-43	c4	BATF
6.28442336329607e-46	0.15679303132213	0.35	0.29	1.21735564970408e-41	c4	VIM
1.02050734886673e-45	0.88004488319755	0.039	0.021	1.97682478548974e-41	c4	IL6ST
4.77685538504775e-45	0.883503161083511	0.04	0.022	9.25324656637599e-41	c4	DNAJB9
6.73770983033223e-45	0.406009888341337	0.157	0.118	1.30516177123366e-40	c4	RPL17
1.39324525887046e-44	0.569895807001747	0.097	0.067	2.69885539095796e-40	c4	SOCS1
2.96544338120461e-44	0.552077635431445	0.078	0.051	5.74436037373144e-40	c4	HSPH1
3.46208576120497e-44	1.14894670220868	0.024	0.011	6.70640632803015e-40	c4	SESN1
5.94119364006192e-44	0.688927612453433	0.065	0.041	1.1508686200164e-39	c4	DDIT3
1.07130744364221e-42	0.584352592772784	0.075	0.049	2.07522964907932e-38	c4	NFKBIZ
2.51856670725806e-42	0.249068568756144	0.333	0.28	4.87871556862959e-38	c4	UBA52
1.99040454000554e-41	0.342437195234699	0.189	0.148	3.85561263444474e-37	c4	LRRC75A-AS1
3.68157052765543e-41	0.5511360637082	0.092	0.064	7.13157026912134e-37	c4	YPEL5
4.1485643814184e-41	1.26666787832631	0.018	0.007	8.03618406324559e-37	c4	FXYD1
5.41382610089605e-41	0.604289441185154	0.072	0.048	1.04871225400457e-36	c4	PPP1R2
8.35153053591309e-41	0.67752071996067	0.059	0.037	1.61777498011172e-36	c4	ITK
2.37402936386296e-40	1.03713745045518	0.033	0.018	4.59873228073894e-36	c4	PPP1R2P9
1.62307938312863e-39	0.162841519295718	0.477	0.416	3.14406707305848e-35	c4	RPL23A
2.3587970924081e-39	0.793847566177587	0.042	0.025	4.56922584770372e-35	c4	TTC39C
3.18412006796119e-39	0.940962419109252	0.03	0.016	6.16795898364763e-35	c4	LOH12CR1
1.8742886984321e-37	0.556927040711138	0.08	0.055	3.63068463773282e-33	c4	CCNH
2.69978955773458e-37	1.11448891558176	0.02	0.009	5.22976235228765e-33	c4	TNFSF8
4.30612499274644e-37	0.918468993032128	0.029	0.015	8.34139472344914e-33	c4	MAL
8.27237000443081e-37	0.615061775527751	0.062	0.04	1.60244079355829e-32	c4	NOSIP
1.09334373963844e-36	0.491165880825618	0.123	0.092	2.11791615805362e-32	c4	CITED2
4.47744658873177e-36	0.760431091241816	0.041	0.024	8.67326178703231e-32	c4	RORA
4.60617105199785e-36	0.71686874402741	0.045	0.028	8.92261394482503e-32	c4	ZFAND2A
3.51500482821256e-35	0.659879860743895	0.052	0.033	6.80891585273055e-31	c4	RNASET2
4.95680456411569e-35	0.924162383062748	0.028	0.015	9.60182612114851e-31	c4	DGKA
5.62110300776758e-35	0.747472931165856	0.04	0.024	1.08886386363466e-30	c4	UGP2
7.43873157421666e-35	1.34837697575603	0.014	0.006	1.44095669324151e-30	c4	FXYD7
1.2925992085744e-34	0.531043390751295	0.078	0.054	2.50389392692947e-30	c4	NR3C1
8.08022159732486e-34	0.498486823422754	0.087	0.061	1.5652197256178e-29	c4	HNRNPA0
4.04079295618008e-33	0.89800745673492	0.028	0.015	7.82742003541643e-29	c4	TCF7
5.7023178870834e-32	1.28264535470773	0.014	0.006	1.10459599790693e-27	c4	FBLN7
6.33396896847354e-32	1.16459274262851	0.016	0.007	1.22695312888301e-27	c4	ZBTB10
7.01004412882005e-32	0.753746136900622	0.037	0.022	1.35791564819373e-27	c4	CAMK4
5.49414773071193e-31	0.889778703342944	0.029	0.016	1.06427135691621e-26	c4	CH25H
8.00928943793641e-31	0.46983411242329	0.086	0.062	1.55147945702266e-26	c4	EIF3E
1.60807314630415e-30	0.231671969425923	0.28	0.238	3.11499849170577e-26	c4	UBB
3.54326844736751e-30	0.615837653426932	0.051	0.033	6.8636653093956e-26	c4	BRE-AS1
6.20573285369306e-30	0.780613696855942	0.034	0.02	1.20211251108888e-25	c4	GPR171
1.74938346230883e-29	0.683224904448126	0.04	0.025	3.38873070483843e-25	c4	TMEM173
1.78420493255327e-29	0.466210043418129	0.081	0.059	3.45618337484893e-25	c4	RPS14P3
3.22740369321785e-29	0.64180438236174	0.047	0.03	6.25180369413231e-25	c4	TOB1
9.11672833400179e-28	1.03226837468427	0.017	0.009	1.76600144557949e-23	c4	SESN3
1.01612499792288e-27	0.440504822261811	0.089	0.066	1.9683357334764e-23	c4	SERP1
2.87755956450436e-27	0.912192922165687	0.022	0.012	5.5741206324014e-23	c4	INPP4B
3.23277770485207e-27	0.171366053606572	0.077	0.056	6.26221369206895e-23	c4	HIST1H4C
3.73872015300237e-27	0.323541973543013	0.148	0.118	7.2422748083809e-23	c4	RPL7
9.73526986942592e-27	0.650560695434622	0.038	0.023	1.88581912640649e-22	c4	SNORA78
2.02669583992495e-26	0.512288444956495	0.066	0.047	3.92591251151862e-22	c4	PDCD4
2.44766237599082e-26	0.16898433798577	0.362	0.318	4.74136678853182e-22	c4	RPL37A
3.48726261211957e-26	0.407487810730189	0.096	0.072	6.75517640593683e-22	c4	RPL21P28
5.22923966654367e-26	0.648335380572134	0.041	0.026	1.01295601580618e-21	c4	PRKCQ-AS1
1.04581605266446e-25	0.537916142830608	0.055	0.037	2.02585027561633e-21	c4	SNHG15
2.02256778623576e-25	0.524293470549622	0.055	0.038	3.9179160587173e-21	c4	HSPD1
2.48781223531198e-25	0.497075351009988	0.06	0.042	4.81914108102284e-21	c4	TSPYL2
3.28146464824997e-25	0.45079406866174	0.072	0.052	6.35652517012502e-21	c4	TUBB4B
3.3396535369425e-25	0.43126520697639	0.084	0.063	6.46924286641132e-21	c4	PHLDA1
3.52695049206079e-25	0.898299480561751	0.021	0.011	6.83205579817097e-21	c4	LPAR6
3.9882781675242e-25	0.397413123874774	0.09	0.068	7.72569363831112e-21	c4	SPOCK2
6.13231952015031e-25	0.255846217013261	0.187	0.155	1.18789161424832e-20	c4	NPM1
6.27600288752613e-25	0.612512386975204	0.042	0.027	1.21572451934269e-20	c4	DNAJB4
7.64123801984388e-25	0.538417640582495	0.054	0.038	1.48018421682396e-20	c4	OCIAD2
3.10036397225169e-24	0.697172434037975	0.033	0.02	6.00571505064875e-20	c4	FOXP1
6.01873693123994e-24	0.622933444768292	0.032	0.019	1.16588953095049e-19	c4	SOD2
2.01289429688446e-23	0.965116280818028	0.017	0.009	3.89917754249489e-19	c4	SATB1
4.63183443134144e-23	0.730354177737309	0.028	0.017	8.97232647695151e-19	c4	NXT1
4.82043531383436e-23	0.750688991966665	0.027	0.016	9.33766524642854e-19	c4	TRADD
5.25236299867296e-23	0.434914985303887	0.073	0.054	1.01743523647294e-18	c4	GAS5
8.00402513740421e-23	0.210651253057337	0.261	0.226	1.55045970936657e-18	c4	RPL36AL
1.07011072892349e-22	0.482571251667224	0.058	0.042	2.0729114929977e-18	c4	ICOS
1.11109667493084e-22	0.598413717586766	0.04	0.026	2.15230536900853e-18	c4	PBXIP1
1.20343812338319e-22	0.263721715317728	0.183	0.153	2.33117998880559e-18	c4	COMMD6
1.79867612962149e-22	0.925827351557858	0.017	0.009	3.48421553068978e-18	c4	LOC101929065
2.08265316288479e-22	0.915040101046348	0.018	0.009	4.03430744182414e-18	c4	ODF2L
2.25790207611641e-22	0.437649416195782	0.072	0.053	4.37378211164509e-18	c4	RPSAP58
5.14676279146741e-22	1.19461267837876	0.01	0.004	9.96979420335152e-18	c4	CYSLTR1
7.74289381172943e-22	0.597580205893118	0.04	0.026	1.49987596027011e-17	c4	TNFAIP8
1.10926274646988e-21	0.563077843649706	0.043	0.029	2.1487528661868e-17	c4	FAM46C
1.20499694923678e-21	0.264187196526464	0.176	0.147	2.33419959036658e-17	c4	C12orf57
1.6076150961062e-21	0.707439499021098	0.033	0.021	3.11411120266732e-17	c4	TMEM107
4.01031978176521e-21	0.227668624031954	0.185	0.156	7.76839044925738e-17	c4	RPL13A
7.10230514361812e-21	0.956648528303227	0.016	0.008	1.37578752937027e-16	c4	LOC100130476
1.61531497635181e-20	1.12301363887711	0.011	0.005	3.1290266406911e-16	c4	SERINC5
1.96391652235495e-20	0.553439574817007	0.038	0.026	3.80430269545377e-16	c4	AIM1
5.85608105682999e-20	0.713295161411389	0.025	0.016	1.13438146151854e-15	c4	ERN1
1.24562064975197e-19	0.795560187764102	0.021	0.012	2.41289176063453e-15	c4	TNFRSF25
1.64750717803206e-19	0.868721486096397	0.017	0.009	3.1913861545659e-15	c4	THEM4
2.44446662008739e-19	0.31539940939079	0.115	0.093	4.73517628977129e-15	c4	GSTK1
2.60827005370323e-19	0.815927121187763	0.02	0.011	5.05247992102853e-15	c4	RTKN2
3.50108379500396e-19	1.04030544220485	0.012	0.006	6.78194941930218e-15	c4	BEX2
3.9245928633949e-19	0.772085932798952	0.02	0.012	7.60232883568226e-15	c4	ARL4A
3.99734564486607e-19	0.199602562970411	0.194	0.165	7.74325824867006e-15	c4	ITM2B
6.91459496043631e-19	0.170919005718295	0.33	0.297	1.33942618978612e-14	c4	UBC
8.94947079548629e-19	0.301154240456072	0.118	0.095	1.73360198779365e-14	c4	TAGAP
1.27503512196757e-18	0.301946539323054	0.124	0.101	2.46987053476339e-14	c4	CCNI
4.23955618290295e-18	0.505612968496723	0.044	0.031	8.21244428190131e-14	c4	FKBP5
6.74447604016569e-18	0.890470591835051	0.014	0.008	1.3064724537405e-13	c4	CCL20
8.2725859678795e-18	0.418966216652878	0.062	0.046	1.60248262783794e-13	c4	CHMP1B
9.88298123104848e-18	0.49275614251798	0.047	0.034	1.9144322942664e-13	c4	FAM177A1
2.53410420300833e-17	0.436415468179986	0.055	0.041	4.90881325164744e-13	c4	PTGER4
3.00965852852118e-17	0.667634208793563	0.025	0.016	5.83000953559837e-13	c4	ICAM2
3.7929136266647e-17	0.456860701621481	0.05	0.036	7.34725298621218e-13	c4	NDFIP1
4.08285129714906e-17	0.376015235766928	0.071	0.054	7.90889124770744e-13	c4	SF1
4.39994164469984e-17	0.18348850945332	0.254	0.224	8.52312695994806e-13	c4	HNRNPA1
6.14418233265416e-17	0.316411807112163	0.093	0.074	1.19018955965844e-12	c4	RPS18P9
7.66535437706001e-17	0.372956954351834	0.072	0.056	1.48485579638029e-12	c4	KMT2E-AS1
8.9762099500388e-17	0.588318958943447	0.03	0.02	1.73878162942202e-12	c4	TRAT1
2.61921744937889e-16	0.144442636516138	0.31	0.278	5.07368612119185e-12	c4	RPL27
2.76471829421683e-16	0.556350173363145	0.033	0.023	5.35553580772742e-12	c4	CCDC109B
2.83020219713513e-16	0.62292053945152	0.027	0.018	5.48238467607046e-12	c4	MRPL18
3.56001881191872e-16	0.571695551770969	0.033	0.022	6.89611244056776e-12	c4	ZC3HAV1
8.8119995431938e-16	0.528611129366259	0.035	0.024	1.70697243151207e-11	c4	SBDS
2.17903022826192e-15	0.795063556384982	0.016	0.01	4.22099945516617e-11	c4	LOC646513
4.25799217563034e-15	0.807855631846373	0.016	0.009	8.24815664341354e-11	c4	TIFA
4.4885564097749e-15	0.394116618176372	0.058	0.044	8.69478262137496e-11	c4	SMDT1
4.78327529287215e-15	0.938977760187049	0.011	0.005	9.26568256982264e-11	c4	TNFSF13B
7.25175474822792e-15	0.644318077188511	0.022	0.014	1.40473741227923e-10	c4	LOC101929910
8.19576522966146e-15	0.394544693985933	0.056	0.043	1.58760168263772e-10	c4	ANP32B
8.20690934641953e-15	0.362946735143609	0.069	0.054	1.58976040949493e-10	c4	PRDM1
8.86487196023652e-15	0.444637517274087	0.043	0.031	1.71721434741742e-10	c4	LOC284454
1.66367812266731e-14	0.626037066503423	0.023	0.015	3.22271089141884e-10	c4	PFKFB3
2.10686064619085e-14	0.840406541845737	0.013	0.007	4.0811997577363e-10	c4	CHMP7
2.72912010452483e-14	0.314604053704605	0.083	0.067	5.28657855447505e-10	c4	EIF4A2
4.05081499892824e-14	0.682522875565395	0.019	0.012	7.84683373442389e-10	c4	TUBB2A
4.25942909058442e-14	0.657184618858577	0.022	0.015	8.25094009137107e-10	c4	MYC
5.68269816603823e-14	0.191874165547868	0.194	0.17	1.10079546174327e-09	c4	RPL31
6.67834441295304e-14	0.711739561638834	0.017	0.011	1.29366209623313e-09	c4	DUSP16
1.21571669214293e-13	0.171592325914312	0.488	0.48	2.35496480435007e-09	c4	RPS26
1.79826285128384e-13	0.310686082237692	0.072	0.057	3.48341496922193e-09	c4	SQSTM1
2.61080783879095e-13	0.531542291667291	0.028	0.019	5.05739586452195e-09	c4	PRMT9
2.75014643569315e-13	0.72948779005772	0.015	0.009	5.3273086605812e-09	c4	BAG3
3.89859150427931e-13	0.34097359150297	0.067	0.053	7.55196160293946e-09	c4	BRD2
4.1954605581056e-13	0.177960660944835	0.208	0.184	8.12702664710636e-09	c4	COX7C
5.64419236216837e-13	0.574636334303641	0.025	0.017	1.09333650247563e-08	c4	RAPGEF6
5.77247205655099e-13	0.487275100239954	0.033	0.024	1.11818556207449e-08	c4	SELM
8.56832892239255e-13	0.373499256732681	0.048	0.036	1.65977099555666e-08	c4	PIM2
1.209912110611e-12	0.421262330832433	0.049	0.037	2.34372074946457e-08	c4	SNHG9
1.61926278525637e-12	0.468237913088434	0.035	0.025	3.13667394132012e-08	c4	MGAT4A
1.70922497364256e-12	0.433556666409771	0.041	0.031	3.31093969644301e-08	c4	EML4
1.90951188824093e-12	0.162258639374114	0.23	0.206	3.6989154787115e-08	c4	DDX5
3.29002287714415e-12	0.175634245815338	0.193	0.17	6.37310331531594e-08	c4	HINT1
3.38201774671816e-12	0.579010089895208	0.019	0.012	6.55130657716776e-08	c4	GADD45G
4.66898896099081e-12	0.441006415819225	0.036	0.026	9.0442985163353e-08	c4	H2AFX
7.31364571828888e-12	0.349899691323558	0.057	0.045	1.41672631208974e-07	c4	EIF4B
1.12164828065712e-11	0.811792108311828	0.012	0.007	2.1727448844609e-07	c4	MID1IP1
1.50556746548649e-11	0.402676501718795	0.041	0.031	2.91643473739388e-07	c4	LOC100506248
1.61414788655298e-11	0.824361650908545	0.011	0.006	3.12676587104177e-07	c4	LDLRAP1
3.19367970048657e-11	0.375012299015697	0.048	0.038	6.18647694781253e-07	c4	H3F3C
7.24952771099336e-11	0.648753492454755	0.015	0.01	1.40430601289652e-06	c4	CD28
7.72074662777879e-11	0.41431879946949	0.038	0.029	1.49558582926703e-06	c4	SNHG1
1.20023933093613e-10	0.601066036000618	0.018	0.012	2.32498360795638e-06	c4	SNHG16
1.22446729278782e-10	0.379073772978949	0.043	0.033	2.37191559285928e-06	c4	TOMM20
1.2533369311975e-10	0.671078882359239	0.014	0.009	2.42783896942267e-06	c4	DYNLT3
1.31050472063723e-10	0.484906783600483	0.026	0.018	2.53857869434639e-06	c4	GATA3
1.6050674706685e-10	0.354207679279761	0.045	0.035	3.10917619743194e-06	c4	MYADM
1.70369847016662e-10	0.639567205383528	0.015	0.01	3.30023430655976e-06	c4	NABP1
1.77733333840245e-10	0.480049601040617	0.027	0.019	3.44287240981939e-06	c4	CMTM7
2.0263202069877e-10	0.271919703279017	0.078	0.064	3.92518487295587e-06	c4	FUS
2.05581558863009e-10	0.430776736992918	0.033	0.025	3.98232037673534e-06	c4	ODC1
2.1578550268821e-10	0.169553563195119	0.174	0.154	4.17998097257333e-06	c4	CIRBP
2.39372200029914e-10	0.43639842772243	0.031	0.023	4.63687888677947e-06	c4	NEU1
3.9915775065931e-10	0.452463862119003	0.028	0.021	7.7320847880215e-06	c4	BCAS2
5.35662056063186e-10	0.3899832414456	0.036	0.027	1.0376309688e-05	c4	C10orf54
6.05875048163885e-10	0.468591744764456	0.028	0.021	1.17364055579826e-05	c4	PTGER2
7.35782083394703e-10	0.540568297153468	0.02	0.013	1.42528347374388e-05	c4	ILF3-AS1
1.00536335471611e-09	0.151101766861877	0.207	0.187	1.94748935442057e-05	c4	PCBP2
1.40634747655068e-09	0.354511818635387	0.042	0.033	2.72423569682633e-05	c4	TC2N
2.52228395099359e-09	0.405804183781083	0.032	0.024	4.88591624146968e-05	c4	PTP4A1
2.52385935413744e-09	0.481743697253997	0.023	0.016	4.88896795489964e-05	c4	EIF4A3
2.54637919156658e-09	0.2792918773109	0.061	0.049	4.93259113198362e-05	c4	ZNF331
3.15712654361583e-09	0.753548312715522	0.01	0.006	6.11566982763822e-05	c4	ARRDC2
3.4193584629158e-09	0.409019174344792	0.031	0.023	6.62363927851419e-05	c4	DANCR
3.93348286089447e-09	0.43364241047896	0.033	0.025	7.61954964983868e-05	c4	HSPA6
4.3046208835059e-09	0.670986190975553	0.012	0.008	8.33848111343928e-05	c4	NSUN6
4.74327008001568e-09	0.220941180285707	0.097	0.083	9.18818847199838e-05	c4	GPSM3
5.75160486576476e-09	0.607964510369704	0.014	0.009	0.000111414337854729	c4	RCAN3
5.95622331938926e-09	0.271286101695472	0.068	0.057	0.000115378001919889	c4	SELK
7.91773590348971e-09	0.567086922519389	0.016	0.01	0.000153374462186499	c4	LINC00892
1.04476085651585e-08	0.469430525407948	0.024	0.017	0.000202380625515685	c4	ZC3H12A
1.06902398017673e-08	0.491713986008925	0.021	0.015	0.000207080635200034	c4	KCNA3
1.27309557460784e-08	0.254482391052869	0.067	0.056	0.000246611343757285	c4	CCNL1
1.34887443566017e-08	0.579599170435592	0.015	0.01	0.000261290466931731	c4	PLK3
1.62927781476577e-08	0.550974834124635	0.016	0.011	0.000315607405498277	c4	PER1
2.05756736767338e-08	0.364034969423664	0.035	0.027	0.00039857137479201	c4	SMCHD1
2.22139275185084e-08	0.145540911081415	0.187	0.169	0.000430305989961026	c4	RPL27A
2.28994277306639e-08	0.316575842932793	0.046	0.037	0.00044358481457069	c4	EIF3L
2.82092524168065e-08	0.495903898157837	0.019	0.014	0.00054644142856596	c4	NCF1B
2.84215573517772e-08	0.33189252284453	0.041	0.032	0.000550553987461277	c4	RSL24D1
2.94321993595569e-08	0.58071816522328	0.015	0.011	0.000570131133793977	c4	OSM
3.74954217901548e-08	0.258205002730441	0.068	0.057	0.000726323815497089	c4	HNRNPA1P10
4.21618940429868e-08	0.502659532083374	0.017	0.012	0.000816718049506697	c4	MARCKSL1
4.6675769633931e-08	0.158683904463668	0.118	0.103	0.000904156333578878	c4	ZFP36L1
5.17906607749723e-08	0.342121854141888	0.037	0.029	0.00100323688987199	c4	MZT2A
5.58450622193908e-08	0.6567534826401	0.011	0.007	0.00108177470025182	c4	WDR74
5.88255000292438e-08	0.248409525635623	0.067	0.056	0.00113950876106648	c4	EPC1
6.03326845887114e-08	0.572336960161741	0.014	0.009	0.00116870443316793	c4	SORL1
9.19809101163131e-08	0.278305517994724	0.056	0.046	0.0017817622098631	c4	ABRACL
1.10327426039709e-07	0.190506389975298	0.099	0.086	0.00213715256981521	c4	SRSF5
1.34008006230937e-07	0.229334529328503	0.076	0.065	0.00259586908869948	c4	RPL22L1
1.3621856573726e-07	0.303930915116918	0.046	0.037	0.00263868983689646	c4	GLIPR1
1.60780334534666e-07	0.35416498652128	0.031	0.025	0.00311447586027101	c4	RPL19P12
1.62861930992185e-07	0.373893651224173	0.029	0.023	0.00315479846524961	c4	ARID5A
1.92595262431639e-07	0.62513855494267	0.011	0.007	0.00373076282856328	c4	ADI1
1.98550576857797e-07	0.444917040441618	0.021	0.016	0.00384612322431238	c4	SYPL1
2.21911596056801e-07	0.252658530735541	0.057	0.048	0.0042986495272163	c4	RPS20
2.59657290739584e-07	0.306673354368822	0.044	0.035	0.00502982137891649	c4	CACYBP
2.76445822226039e-07	0.543451381026073	0.014	0.009	0.00535503202234061	c4	NECAP2
3.58855701948388e-07	0.174018874840118	0.106	0.094	0.00695139380244222	c4	CD44
3.73784834751574e-07	0.309346210132164	0.041	0.033	0.00724058603397274	c4	SNHG5
3.9622733239262e-07	0.379535368865128	0.025	0.019	0.00767531965577744	c4	PPP1R10
4.01442075993134e-07	0.609304196705176	0.01	0.007	0.00777633445406301	c4	GADD45A
4.29104178749993e-07	0.378887305287694	0.027	0.02	0.00831217704656612	c4	EIF2S3
5.04291020326593e-07	0.423327011028675	0.022	0.016	0.00976862135474644	c4	BCL11B
5.58016067519567e-07	0.373451104389106	0.026	0.02	0.0108093292439215	c4	METTL12
6.94219027317985e-07	0.226695388116711	0.067	0.057	0.0134477167781767	c4	ATP6V1G1
7.35126585125468e-07	0.574058447237677	0.012	0.008	0.0142401370804654	c4	REXO2
8.22168158442285e-07	0.266717929636096	0.048	0.04	0.0159262193971855	c4	DDX3X
1.02040984593573e-06	0.576732822173815	0.014	0.01	0.0197663591256211	c4	RGS16
1.19290744591481e-06	0.534733098076206	0.013	0.009	0.0231078101348158	c4	PBX4
1.39996442462391e-06	0.318081925956466	0.035	0.028	0.0271187108693898	c4	UBE2B
1.46589574343763e-06	0.391321955634149	0.023	0.018	0.0283958664461304	c4	SVIP
1.53413581621405e-06	0.18746986626498	0.091	0.08	0.0297177448958824	c4	CNBP
1.5699398332881e-06	0.269333575310681	0.046	0.038	0.0304113045106238	c4	NSA2
1.62892663053352e-06	0.145018881743277	0.03	0.024	0.0315539377600648	c4	SGK1
1.72384873189625e-06	0.276797159343791	0.047	0.039	0.0333926737855623	c4	CREM
1.89296472674836e-06	0.127609736557124	0.119	0.106	0.0366686197218425	c4	NR4A2
1.93295449401121e-06	0.553862911283724	0.012	0.008	0.0374432615034911	c4	CDC14A
1.94807989944031e-06	0.34071082371427	0.029	0.022	0.0377362557320583	c4	IFRD1
1.95470317950444e-06	0.330035090976138	0.032	0.025	0.0378645552901805	c4	LOC642441
2.09654337010214e-06	0.317686835954225	0.036	0.029	0.0406121416222485	c4	SCML4
2.24654907557205e-06	0.127799885062012	0.085	0.074	0.0435179021429061	c4	HSPB1
2.42921607269823e-06	0.526382527840394	0.013	0.009	0.0470563445442374	c4	NUPL1
2.51594519076587e-06	0.199054489027517	0.08	0.07	0.0487363742903256	c4	PTGES3
