p_val	avg_log2FC	pct.1	pct.2	p_val_adj	cluster	gene
0	2.04635993126987	0.846	0.397	0	c14	GAPDH
0	1.49000926438068	0.657	0.281	0	c14	MYL6
0	2.01562083622457	0.646	0.283	0	c14	CD74
0	1.53108874301699	0.8	0.455	0	c14	ACTG1
0	1.41500807443842	0.863	0.523	0	c14	PFN1
0	3.74484323840357	0.366	0.06	0	c14	TUBA1B
0	2.97557135397531	0.401	0.098	0	c14	HMGN2
0	1.86179956095108	0.42	0.123	0	c14	ARPC1B
0	2.75471200807041	0.341	0.06	0	c14	PKM
0	4.51006027902491	0.29	0.019	0	c14	STMN1
0	3.68052003800083	0.308	0.045	0	c14	TUBB
0	2.10925366482244	0.356	0.096	0	c14	TPI1
0	2.18352430967583	0.29	0.069	0	c14	RAN
0	2.24444939624094	0.278	0.064	0	c14	SLC25A5
0	2.95998236227888	0.261	0.051	0	c14	HMGB2
0	1.49747239659267	0.978	0.824	0	c14	ACTB
0	5.12481903568591	0.142	0.004	0	c14	KIAA0101
0	5.40891775458388	0.112	0.003	0	c14	TYMS
0	5.41550233401646	0.112	0.003	0	c14	RRM2
0	5.32589420314161	0.093	0.002	0	c14	UBE2C
0	5.01439504599226	0.082	0.003	0	c14	NUSAP1
0	4.88433574340539	0.068	0.002	0	c14	TOP2A
0	5.12448534884716	0.063	0.002	0	c14	CDK1
0	4.81701961729933	0.058	0.002	0	c14	MKI67
0	4.51525456173167	0.051	0.002	0	c14	CENPF
0	5.13107802615759	0.044	0.001	0	c14	TK1
0	4.92517372760971	0.044	0.001	0	c14	BIRC5
0	5.24831570144196	0.038	0.001	0	c14	CDC20
1.78092980634683e-305	2.68623379009876	0.17	0.027	3.44983912787444e-301	c14	RANBP1
9.8122803232003e-305	1.32317229945804	0.714	0.369	1.90073682140713e-300	c14	CFL1
4.42556535180911e-304	2.39772368554376	0.234	0.048	8.57276264298942e-300	c14	PGAM1
1.46508811193947e-297	5.48059195271685	0.031	0.001	2.83802218163795e-293	c14	CCNB1
1.60619949927629e-294	3.73081858225002	0.076	0.006	3.1113690500481e-290	c14	PCNA
1.24138779804831e-287	2.47556445136617	0.305	0.082	2.40469230359939e-283	c14	H2AFZ
3.46997560221039e-285	2.26737672458611	0.257	0.059	6.72168973904174e-281	c14	ENO1
5.4683742230156e-282	2.96343803020723	0.144	0.021	1.05927877074035e-277	c14	PTTG1
1.39796589397033e-279	1.97258099475383	0.359	0.109	2.70799973320992e-275	c14	COTL1
1.42752100762576e-271	3.89410713989825	0.063	0.004	2.76525094387186e-267	c14	CKS1B
2.41713537349926e-270	1.45087122797162	0.612	0.291	4.68223293200542e-266	c14	PPIA
2.93149957361476e-259	4.78019332236617	0.036	0.001	5.67860782404915e-255	c14	ASF1B
8.96338521481564e-259	2.72409616367143	0.163	0.028	1.73629734996194e-254	c14	DUT
3.05087591207176e-256	2.47818184927135	0.182	0.035	5.9098517292742e-252	c14	H2AFV
2.86320286184058e-254	2.20940477102294	0.225	0.051	5.54631026367139e-250	c14	PRDX1
2.98171857754235e-252	4.68140122393655	0.048	0.003	5.77588705655729e-248	c14	NAPSB
3.3675766975687e-247	2.85479068343856	0.147	0.024	6.52333282086033e-243	c14	FABP5
9.74083601695406e-247	3.61590385559329	0.07	0.006	1.88689734484417e-242	c14	MCM7
9.91026155125188e-240	4.74442935346552	0.034	0.001	1.919716765093e-235	c14	CCNA2
6.66951629260442e-230	1.97349568840696	0.417	0.164	1.2919520010404e-225	c14	HMGB1
2.53675020467203e-226	4.98007023805791	0.029	0.001	4.91393882147019e-222	c14	ZWINT
7.08495613439719e-226	1.05236112002119	0.892	0.72	1.37242685279408e-221	c14	TMSB10
6.76363251394496e-224	2.03905329955399	0.365	0.131	1.31018325427628e-219	c14	LGALS1
8.71003193791745e-222	5.08622379037333	0.027	0.001	1.68722028669399e-217	c14	CCNB2
5.0414824510139e-214	2.16999841732309	0.195	0.045	9.76585565585902e-210	c14	ANP32B
8.14777948278331e-206	5.23718635363199	0.025	0.001	1.57830636360996e-201	c14	PLK1
2.32062344875341e-199	1.77450044194104	0.288	0.091	4.49527968258024e-195	c14	LDHA
6.51873400038655e-197	1.72537122615165	0.279	0.086	1.26274396321488e-192	c14	COX8A
1.56074989835866e-194	2.19194791105585	0.182	0.042	3.02332862811056e-190	c14	ANXA2
2.75979449728281e-194	1.89778070988328	0.226	0.061	5.34599792068654e-190	c14	ATP5G3
2.0065465833084e-192	2.232497566907	0.19	0.046	3.88688138652671e-188	c14	HLA-DRB4
1.56663547704749e-190	2.36329264167782	0.143	0.028	3.0347295825887e-186	c14	ANXA5
3.40736428815146e-189	4.83829627692974	0.026	0.001	6.6004053625782e-185	c14	GINS2
6.91014844725796e-187	6.38261679315355	0.014	0	1.33856485571834e-182	c14	C1orf54
8.22105098937231e-187	2.61165647935716	0.218	0.06	1.59249978715131e-182	c14	CXCL13
1.50627082638898e-185	1.97063169497898	0.203	0.053	2.91779721779809e-181	c14	CALM3
8.45138066078287e-185	1.91843878403279	0.209	0.055	1.63711694780025e-180	c14	GNG5
1.52662659822873e-184	2.32124637380777	0.143	0.029	2.95722838342888e-180	c14	DEK
1.88734989750108e-184	1.39213233742124	0.406	0.164	3.65598548644934e-180	c14	ARPC2
6.34102335746395e-183	4.65882658773508	0.027	0.001	1.22831963457434e-178	c14	TPX2
9.11533641081703e-179	4.72227248059026	0.026	0.001	1.76573181613937e-174	c14	HIST1H1B
1.05027348850675e-177	2.09808014806311	0.169	0.04	2.03448477458642e-173	c14	COX5A
7.51714782813095e-177	4.62011610688021	0.027	0.001	1.45614670578725e-172	c14	CDKN3
2.46773285041029e-176	3.1188742824873	0.088	0.013	4.78024530452977e-172	c14	LYZ
4.32457049892504e-173	3.54131453917261	0.05	0.004	8.37712551346769e-169	c14	CENPM
1.56256381217985e-169	1.37832645908565	0.549	0.3	3.02684236057359e-165	c14	VIM
3.83709273463288e-167	5.38931144572756	0.018	0	7.43283233625735e-163	c14	AURKB
1.21096196548953e-166	2.29651788019283	0.168	0.041	2.34575442334978e-162	c14	TXN
4.1574792281633e-166	1.15027330339991	0.668	0.436	8.05345301287514e-162	c14	S100A4
9.07168633004516e-162	1.42627779514453	0.533	0.285	1.75727635899305e-157	c14	CRIP1
1.61013591993631e-161	5.41118594535032	0.017	0	3.11899429050862e-157	c14	CDT1
2.94062244246016e-159	2.29433719720536	0.132	0.028	5.69627973328957e-155	c14	TPM4
1.12356495820534e-153	2.00938911018097	0.16	0.04	2.17645768053956e-149	c14	ARPC5
1.55022147517699e-153	1.96482411506246	0.178	0.048	3.00293401956535e-149	c14	FKBP1A
1.07913723294542e-149	4.28159762842731	0.026	0.001	2.09039673393857e-145	c14	ASPM
7.14093054391424e-146	3.98743971623555	0.032	0.002	1.38326965566163e-141	c14	UBE2T
1.29911190690656e-145	1.58100839578509	0.265	0.094	2.51650967486869e-141	c14	HMGN1
2.44774421415614e-144	6.57853700312881	0.01	0	4.74152531724185e-140	c14	ELL3
2.19567672427775e-143	6.71604052687874	0.009	0	4.25324538259843e-139	c14	DNASE1L3
1.11157537337531e-142	2.33055513758241	0.118	0.025	2.15323265576531e-138	c14	HN1
3.59794886486347e-141	4.59650354965826	0.031	0.002	6.96958674612703e-137	c14	CPVL
1.00875834634034e-140	0.958321242278074	0.726	0.549	1.95406579269588e-136	c14	PTMA
3.08208948598464e-137	2.01015130547045	0.163	0.044	5.97031554330085e-133	c14	LOC100996809
1.1362521643519e-136	4.3008227019899	0.025	0.001	2.20103406756607e-132	c14	DHFR
1.16697595629631e-136	2.24561586304775	0.15	0.039	2.26054912494158e-132	c14	TNFRSF18
3.85207925546491e-136	1.57988071039395	0.231	0.078	7.46186272576107e-132	c14	PSME2
3.45385186012894e-133	3.55711452438569	0.039	0.003	6.69045643825578e-129	c14	MCM3
3.74675956926177e-133	2.27489234156768	0.12	0.027	7.25784796161697e-129	c14	HLA-DQB1
4.00502733489887e-132	1.12900506350433	0.461	0.236	7.7581384504326e-128	c14	CORO1A
2.38339273520155e-130	1.42429795873803	0.312	0.129	4.61687006735892e-126	c14	S100A11
4.21094733270544e-130	6.70978153640706	0.009	0	8.1570260781837e-126	c14	IDO1
8.99236148737796e-130	1.5614623748936	0.243	0.087	1.74191034371998e-125	c14	YBX1
1.06614807145373e-128	1.61810873903042	0.214	0.071	2.06523542921302e-124	c14	PARK7
1.92950335467571e-128	3.19032397868279	0.095	0.019	3.73764094834232e-124	c14	CST3
1.617333023233e-127	2.61669982529122	0.084	0.015	3.13293579930465e-123	c14	PPA1
2.83272835251935e-127	3.26406018280164	0.045	0.005	5.48727809166524e-123	c14	MCM5
7.5596492818183e-127	1.36552703478382	0.304	0.125	1.46437966238102e-122	c14	SUB1
4.53633336424899e-126	3.22042447889597	0.047	0.005	8.78733135988671e-122	c14	SMC4
2.95052053395536e-123	5.04525865769658	0.015	0	5.71545332632492e-119	c14	KIFC1
1.87748304394121e-122	0.80945414603153	0.707	0.49	3.63687240441852e-118	c14	SH3BGRL3
1.29881886568864e-121	4.8826903962882	0.016	0.001	2.51594202472546e-117	c14	PKMYT1
1.7992560339419e-121	1.17178852561484	0.357	0.161	3.48533886334886e-117	c14	RHOA
6.72450768921961e-121	1.26245203787773	0.315	0.134	1.30260438447873e-116	c14	CHCHD2
1.22791836214217e-118	1.29418239133374	0.317	0.137	2.37860065930559e-114	c14	HNRNPA2B1
3.20288967193459e-117	2.75281086533618	0.066	0.01	6.20431758350449e-113	c14	IFI30
2.82714396918425e-113	4.28308111960264	0.021	0.001	5.47646058270681e-109	c14	FEN1
9.35385185704575e-113	1.61686166146475	0.183	0.06	1.81193464322833e-108	c14	ATP5J2
2.57323618476084e-112	2.60583188087396	0.067	0.011	4.98461581350022e-108	c14	PRDX3
4.65809508838423e-112	1.18658649160352	0.337	0.153	9.0231959957091e-108	c14	LSP1
5.08557566593651e-112	2.48768981336947	0.074	0.013	9.85126862248561e-108	c14	CARHSP1
4.57477481780533e-111	1.58540561693382	0.19	0.064	8.8617962995707e-107	c14	ACTR3
7.90989047221609e-110	3.87035748616204	0.026	0.002	1.53222488337298e-105	c14	SMC2
1.23310976105175e-109	2.51346829153659	0.071	0.012	2.38865691813334e-105	c14	H2AFY
9.40634213710693e-109	2.93515781618233	0.049	0.006	1.82210253537898e-104	c14	TMEM106C
9.82489560950775e-109	1.14846465835463	0.477	0.276	1.90318052851775e-104	c14	S100A6
2.32785080735351e-107	3.44964554407494	0.033	0.003	4.50927979892448e-103	c14	MAD2L1
1.86827217934001e-105	1.74782604190253	0.148	0.044	3.61903003859953e-101	c14	SNRPB
1.99927247779409e-105	5.06068869826619	0.013	0	3.87279071673494e-101	c14	TROAP
1.47291439605383e-103	1.31714215738306	0.252	0.102	2.85318247659588e-99	c14	COX6A1
1.23694722348206e-102	1.22904540725026	0.286	0.124	2.3960904666071e-98	c14	ARPC3
4.68091785532487e-101	1.21406252344465	0.286	0.125	9.06740597754981e-97	c14	SUMO2
5.16135195164238e-101	1.71491386142446	0.15	0.046	9.99805486552646e-97	c14	SNRPG
8.42278352889788e-101	1.78929081949777	0.159	0.051	1.63157739738281e-96	c14	GPX1
8.73315255550673e-99	2.49863616980321	0.066	0.012	1.69169898152721e-94	c14	ANP32E
1.25989400417638e-98	1.65574816377105	0.197	0.073	2.44054067549007e-94	c14	GSTP1
3.44353064625847e-97	1.55934501220519	0.177	0.062	6.67046321486727e-93	c14	DBI
3.60327444742868e-97	0.442461697019733	0.965	0.93	6.9799029321141e-93	c14	TMSB4X
6.38069044455195e-97	5.81557620042966	0.009	0	1.23600354601416e-92	c14	SPC25
8.11698137588489e-97	6.47572619754503	0.007	0	1.57234046232266e-92	c14	RNASE2
1.23675268732704e-95	1.34062230967831	0.229	0.092	2.39571363062121e-91	c14	TPM3
2.76833008059202e-95	3.24844209543291	0.169	0.061	5.36253219911481e-91	c14	HIST1H4C
1.42470128221258e-94	1.20945842657672	0.279	0.124	2.759788853774e-90	c14	ALDOA
3.68507906345995e-94	1.3928424358489	0.238	0.099	7.13836665382827e-90	c14	CALM2
1.04766810728016e-93	1.26374513530631	0.349	0.18	2.0294378906124e-89	c14	S100A10
1.62990338822851e-93	5.46122662784992	0.01	0	3.15728585333744e-89	c14	RGS13
7.62876210956192e-93	5.19819222201613	0.011	0	1.47776750824324e-88	c14	CDCA3
8.19140937895318e-93	1.44666729059829	0.19	0.07	1.58675791079702e-88	c14	PPP1CA
1.01750118705266e-91	2.22024698415024	0.078	0.017	1.97100154943971e-87	c14	RPA3
5.86435396562281e-91	4.50814767523741	0.015	0.001	1.13598400668079e-86	c14	CDCA8
9.35847849234538e-91	1.44017374702165	0.189	0.07	1.81283086875222e-86	c14	SLC25A3
6.2233228002347e-90	4.62011610688021	0.014	0.001	1.20551985963346e-85	c14	UHRF1
1.16092253675673e-89	1.4065894371594	0.189	0.071	2.24882304595146e-85	c14	PSMA7
1.3356887420447e-89	3.2045981096649	0.035	0.004	2.58736266221478e-85	c14	HIST1H2AM
5.78860420809855e-89	2.03110051368314	0.092	0.023	1.12131052115077e-84	c14	SNRPD1
1.30208877400943e-88	2.47250893306196	0.123	0.037	2.52227616413367e-84	c14	TNFRSF4
7.27618424672909e-88	3.49705470698555	0.026	0.002	1.40946965043389e-83	c14	CDCA7
2.07601716968482e-87	0.800673491918959	0.528	0.326	4.02145285939647e-83	c14	SERF2
3.38622779921681e-87	5.06068869826619	0.011	0	6.55946186986288e-83	c14	HMMR
1.44408574753668e-86	4.43754300365715	0.014	0.001	2.79733850155331e-82	c14	HMGB3
1.14468188931418e-84	1.55392633088285	0.16	0.057	2.21736328779051e-80	c14	YWHAQ
1.81795756654888e-84	1.23235834279686	0.321	0.164	3.52156560216184e-80	c14	MT2A
3.1373104010708e-83	1.45433658802655	0.213	0.089	6.07728397791425e-79	c14	UCP2
4.15313516368311e-83	1.65878353533832	0.132	0.042	8.04503812557054e-79	c14	NME2
1.33010304274804e-81	1.01606432924557	0.374	0.206	2.57654260410723e-77	c14	MIF
5.85843111798556e-81	3.88235145700768	0.019	0.001	1.13483669186498e-76	c14	CENPW
2.10082636532526e-80	1.60608699723309	0.135	0.045	4.06951075227156e-76	c14	WDR1
1.26356482357327e-79	0.946647855955834	0.362	0.194	2.44765141974379e-75	c14	CLIC1
4.73619478135147e-79	1.90934152437819	0.094	0.026	9.17448291095593e-75	c14	LOC101928173
8.11172466316455e-78	1.83779612263772	0.1	0.028	1.5713221845016e-73	c14	DNPH1
2.00844023742629e-77	1.80126708526914	0.115	0.036	3.89054958391846e-73	c14	CKS2
4.6325877007701e-77	4.21269179171124	0.015	0.001	8.97378563516176e-73	c14	CLSPN
5.72522991348819e-77	2.88578520271106	0.037	0.005	1.1090342865418e-72	c14	CTSH
2.05822659643879e-76	2.02643264740572	0.08	0.02	3.98699073996159e-72	c14	VDAC1
9.62401642862901e-76	1.40083898591404	0.175	0.069	1.86426822238973e-71	c14	CNN2
1.15027737613686e-75	3.30551850872239	0.028	0.003	2.22820230531472e-71	c14	IRF8
3.67651862214046e-74	1.11540769105727	0.286	0.143	7.12178422294828e-70	c14	TAGLN2
3.49819007006532e-73	2.17178937266081	0.079	0.02	6.77634398472353e-69	c14	MIR155HG
4.55321238080493e-73	0.876094150269477	0.398	0.23	8.82002770285722e-69	c14	RAC2
2.94281868941129e-71	2.98151848483258	0.032	0.004	5.7005340832586e-67	c14	LMNB1
1.1303381025617e-70	2.20674698260663	0.064	0.014	2.18957793847228e-66	c14	MT1E
2.09687394104017e-70	0.887902699562618	0.345	0.187	4.06185451118891e-66	c14	ATP5L
5.07679472198201e-70	0.728090731259992	0.487	0.308	9.83425905595135e-66	c14	ATP5E
6.5555192540116e-70	5.46507895334552	0.007	0	1.26986963469459e-65	c14	CENPA
1.746325531743e-69	1.62913611220433	0.113	0.037	3.38280718753937e-65	c14	ERH
2.52586785501581e-69	4.50228702381617	0.017	0.001	4.89285862195112e-65	c14	TCL1A
4.89878466220024e-68	2.03497152815781	0.069	0.017	9.48943576914809e-64	c14	AP2S1
1.13459374313779e-67	5.76112841640728	0.006	0	2.19782153983221e-63	c14	KIAA1598
2.34674682944272e-67	3.26036104310255	0.023	0.002	4.5458832833135e-63	c14	MNDA
2.68321967998994e-67	2.18129738164532	0.063	0.014	5.19766484210851e-63	c14	TUBA1C
3.33563572205195e-66	6.62916307619878	0.009	0	6.46145995718684e-62	c14	CCL22
1.30266774680758e-65	2.42274872106404	0.048	0.009	2.52339769234096e-61	c14	HMGA1
1.54879014900681e-65	1.47480874438795	0.131	0.047	3.0001613976411e-61	c14	ATP5B
3.15291545679139e-65	1.98349419246968	0.07	0.018	6.1075125313506e-61	c14	TALDO1
2.5246720235479e-64	1.77775473499469	0.09	0.027	4.89054217681463e-60	c14	PDIA6
3.29941570872085e-64	2.28366485217823	0.051	0.011	6.39129816936316e-60	c14	NASP
9.77478336485282e-64	3.84496000721075	0.015	0.001	1.89347328560564e-59	c14	CENPU
2.30714062744725e-63	4.86137989004278	0.011	0.001	4.46916210942807e-59	c14	CD1C
7.59972617480646e-63	2.29709660205463	0.05	0.01	1.47214295732176e-58	c14	TMPO
3.61890940225446e-61	2.35716958719313	0.047	0.009	7.01018940310711e-57	c14	SLBP
4.13014444340736e-61	1.70840861658564	0.091	0.028	8.00050280132439e-57	c14	NUCKS1
4.25329797463456e-61	1.2631242794014	0.168	0.071	8.23906350666461e-57	c14	H3F3AP4
9.84710383300535e-61	1.66226955829515	0.095	0.03	1.90748248349147e-56	c14	NAP1L1
1.57227978089205e-60	5.93515781618233	0.005	0	3.04566316356599e-56	c14	CLEC9A
3.87603731248676e-60	5.28308111960264	0.007	0	7.5082718780181e-56	c14	CEP55
5.86289965975484e-60	1.10838544029749	0.204	0.095	1.13570229309111e-55	c14	COX6C
1.04646558432572e-59	3.57898015934206	0.017	0.001	2.02710848339736e-55	c14	LGALS2
1.87686420023489e-59	3.60930935192363	0.02	0.002	3.63567364227501e-55	c14	EBI3
1.24421335878407e-58	4.8769767450938	0.009	0	2.41016569730062e-54	c14	HIST1H3C
1.14275684447097e-55	1.77788476023392	0.076	0.022	2.21363428342471e-51	c14	GDI2
4.34264489162955e-54	1.60258247709546	0.095	0.032	8.41213741957561e-50	c14	CAPG
1.46504669458074e-53	1.47737631214891	0.115	0.043	2.83794195207236e-49	c14	EIF5A
2.53919964197766e-53	1.73817066469104	0.079	0.024	4.91868362647492e-49	c14	PSMA2
2.80952645648028e-53	2.12208924293033	0.051	0.012	5.44233369884795e-49	c14	HLA-DRB5
8.62846193656329e-53	2.11661872642491	0.05	0.012	1.67141936173168e-48	c14	SMS
2.52521637232584e-51	2.22960092673543	0.044	0.009	4.89159663483239e-47	c14	HNRNPAB
3.2534013051854e-51	1.08297205763235	0.183	0.086	6.30216366827464e-47	c14	CAPZB
5.33133561166412e-51	1.07651892736791	0.187	0.089	1.03273302133546e-46	c14	NDUFA4
7.40715771788217e-51	3.01232567670479	0.022	0.003	1.43484052153095e-46	c14	RRM1
1.08398647030651e-50	3.66379854569761	0.016	0.002	2.09979019163074e-46	c14	GSN
2.15923769368011e-50	3.89076369682388	0.012	0.001	4.18265933642774e-46	c14	RACGAP1
5.00928038744454e-50	1.7880133350401	0.07	0.021	9.70347703851883e-46	c14	HLA-DMA
1.00167070832013e-49	1.96468687838884	0.054	0.014	1.94033632908693e-45	c14	YWHAH
3.6462225159248e-49	4.07736743941282	0.011	0.001	7.06309763559794e-45	c14	FCER1A
8.31044627303623e-49	1.05263412053473	0.189	0.092	1.60981654754985e-44	c14	GABARAP
6.27661962944588e-48	5.14315085845816	0.006	0	1.21584398841996e-43	c14	KIF23
9.83039743328134e-48	1.727264964541	0.073	0.023	1.90424628680093e-43	c14	FOXP3
1.01942472807539e-47	4.95377349434968	0.006	0	1.97472764075485e-43	c14	CDCA5
2.27479338410734e-47	0.790974807819766	0.304	0.179	4.40650226435434e-43	c14	ATP5G2
8.33063923239064e-47	1.06305460374809	0.176	0.084	1.61372812570639e-42	c14	NDUFA13
8.92301382365391e-47	1.51067879637946	0.092	0.033	1.72847700778e-42	c14	PRDX2
9.55273793064839e-47	3.88822150226142	0.01	0.001	1.8504608645459e-42	c14	CLEC10A
1.24219070089166e-46	4.2306136997085	0.009	0	2.40624760669723e-42	c14	DLGAP5
3.57778037995311e-46	4.88665929849114	0.006	0	6.93051837400717e-42	c14	WDFY4
6.24222984665925e-46	2.41190427987143	0.042	0.009	1.20918234359636e-41	c14	IL2RA
9.95693776692322e-46	1.49567578688928	0.088	0.031	1.9287584148307e-41	c14	SIVA1
6.16637748633545e-45	0.973155314755323	0.198	0.101	1.19448898287804e-40	c14	COX6B1
8.84442253549187e-45	1.6810934621245	0.104	0.041	1.71325308935013e-40	c14	ARL6IP1
9.67135422816082e-45	2.30936781112291	0.035	0.007	1.87343802753703e-40	c14	KIF22
1.42899818492963e-44	1.34898986271041	0.107	0.042	2.76811238402718e-40	c14	RBX1
2.59801332741805e-44	0.654696338590353	0.442	0.307	5.0326116165415e-40	c14	ARHGDIB
2.61202512959742e-44	0.77330932274368	0.296	0.175	5.05975387854316e-40	c14	HINT1
2.68459029017612e-44	1.88937046152401	0.055	0.015	5.20031985110016e-40	c14	MTHFD2
5.01906024457383e-44	3.8196805987624	0.011	0.001	9.72242159976396e-40	c14	MCM2
1.98179486776751e-43	4.55450331092915	0.008	0	3.83893483835244e-39	c14	NPW
3.75330739426578e-43	1.21170455190477	0.128	0.055	7.27053175343223e-39	c14	HNRNPA3
6.66801725581313e-43	1.78045989465922	0.058	0.017	1.29166162262356e-38	c14	LSM5
7.23986428587789e-43	1.57941750058726	0.074	0.025	1.40243411081741e-38	c14	PSMA6
7.55836078903643e-43	5.13869121026746	0.006	0	1.46413006844425e-38	c14	ACY3
1.35311939199138e-42	1.77997124970493	0.058	0.017	2.62112757422649e-38	c14	LSM4
3.44421228050134e-42	1.62679217173603	0.072	0.024	6.67178360855914e-38	c14	TYMP
3.6189225021514e-42	1.33269565709932	0.115	0.048	7.01021477891748e-38	c14	CORO1B
5.55569149257158e-42	1.65665952316393	0.071	0.023	1.07619299902604e-37	c14	RAD21
6.14679232245612e-42	3.98668811682241	0.009	0.001	1.19069514078298e-37	c14	NUF2
7.69028145418825e-42	1.57881969050914	0.072	0.024	1.48968442049081e-37	c14	BANF1
1.59977820756066e-41	2.07507261642885	0.041	0.01	3.09893036586576e-37	c14	TXNDC17
2.01416620635464e-41	2.09259794622093	0.04	0.009	3.90164135832958e-37	c14	DNMT1
3.3397307009537e-41	1.48498520780116	0.082	0.03	6.46939234081741e-37	c14	PA2G4
3.61930081682807e-41	1.38935559251809	0.094	0.036	7.01094761227766e-37	c14	POMP
4.85398285214254e-41	1.0536518937439	0.179	0.092	9.40265018288532e-37	c14	CALR
1.88861337014838e-40	1.60572501457459	0.071	0.024	3.65843295931443e-36	c14	CD82
2.29127914202655e-40	2.29548292124471	0.037	0.009	4.43843682601962e-36	c14	KPNA2
2.80206785832471e-40	2.16538607693288	0.037	0.008	5.4278856483608e-36	c14	NUDT1
3.19106977688938e-40	1.56596570832873	0.082	0.03	6.18142126481241e-36	c14	SYNGR2
3.41697252525535e-40	1.41393391272502	0.088	0.034	6.61901747867215e-36	c14	ANAPC11
3.50071545670562e-40	1.26012730136871	0.11	0.046	6.78123591118445e-36	c14	SHFM1
4.17447766810005e-40	1.37344847787996	0.091	0.035	8.0863806908766e-36	c14	PSMB3
9.22373814159588e-40	3.67736005871468	0.011	0.001	1.78673031540854e-35	c14	SPIB
3.12387328488657e-39	0.967756337014958	0.179	0.093	6.05125494015377e-35	c14	CKLF
7.01724180431504e-39	1.18967513898627	0.121	0.054	1.35930990991387e-34	c14	HNRNPF
7.18139651614944e-39	4.50814767523741	0.007	0	1.39110831914331e-34	c14	GTSE1
1.08599380595844e-38	4.59120341496497	0.006	0	2.10367860152209e-34	c14	CD1E
1.12890707222261e-38	1.55452978847062	0.069	0.024	2.18680588960242e-34	c14	CBX3
1.30787536512401e-38	1.31235891212488	0.097	0.039	2.53348536978171e-34	c14	ATP5J
2.24056071773323e-38	0.922893396774156	0.193	0.104	4.34019016632104e-34	c14	SOD1
2.75084196465082e-38	2.55725608304163	0.032	0.007	5.32865596972511e-34	c14	CD79A
3.81369595034205e-38	1.13463984610511	0.127	0.058	7.38751042540758e-34	c14	ROMO1
2.16622075104955e-37	1.26165353999508	0.118	0.053	4.19618621685809e-33	c14	TUBB4B
2.38779453492177e-36	0.893920876089377	0.257	0.157	4.62539679359697e-32	c14	NPM1
3.03414708969164e-36	1.19625268100132	0.11	0.049	5.87744632744168e-32	c14	CAP1
3.17386837083956e-36	2.57526187109595	0.023	0.004	6.14810042115332e-32	c14	IL1R2
3.69347202060966e-36	0.796287780333176	0.229	0.132	7.15462465112298e-32	c14	UBL5
3.88492401366324e-36	3.83829627692974	0.009	0.001	7.52548630686706e-32	c14	GGH
1.27862144559957e-35	2.61981119405209	0.034	0.008	2.47681760227093e-31	c14	S100A9
2.65940029526863e-35	1.07669474621114	0.142	0.07	5.15152431196486e-31	c14	DUSP4
2.72220002624758e-35	1.16839680961727	0.118	0.054	5.27317367084418e-31	c14	TSPO
2.79521860932109e-35	0.995214860788909	0.152	0.077	5.41461796811588e-31	c14	PGK1
4.5281607620972e-35	3.54611552543643	0.01	0.001	8.77150021225848e-31	c14	TCF19
5.49124238413319e-35	0.453640607858117	0.575	0.454	1.06370856223044e-30	c14	RPLP0
9.05450857004321e-35	3.01151585628449	0.033	0.008	1.75394885510307e-30	c14	S100A8
1.17982127169885e-34	1.37805026648934	0.08	0.031	2.28543178540784e-30	c14	SNRPF
1.2050784784587e-34	2.46553043043914	0.023	0.004	2.33435752062234e-30	c14	DTYMK
2.69040297280907e-34	1.78393057381319	0.046	0.014	5.21157959862845e-30	c14	SNRPE
4.8297433666413e-34	2.36657858306178	0.022	0.004	9.35569587552087e-30	c14	G0S2
5.89641684132133e-34	1.36493915018857	0.079	0.031	1.14219490633235e-29	c14	PSMD8
1.48473617946002e-33	3.89076369682388	0.008	0.001	2.87608245323201e-29	c14	PRC1
1.75634378880536e-33	1.23987604178715	0.094	0.04	3.40221355329487e-29	c14	SRP9
2.83112930476611e-33	4.7976542924324	0.005	0	5.48418057626244e-29	c14	HJURP
3.81536093898369e-33	4.13107802615759	0.007	0	7.39073567490531e-29	c14	AURKA
4.19068653480364e-33	1.92923784463851	0.038	0.01	8.11777888656813e-29	c14	ANXA2P2
6.31450718913299e-33	0.800931671487543	0.218	0.128	1.22318318760695e-28	c14	PSMB9
6.7149843297421e-33	1.23929103942656	0.092	0.039	1.30075961451434e-28	c14	PRELID1
7.00595108800479e-33	1.43789412401929	0.069	0.025	1.35712278525741e-28	c14	PSMB6
1.20037990268001e-32	1.91862840806872	0.034	0.008	2.32525590948145e-28	c14	NMB
1.39653919188457e-32	0.995931238454122	0.137	0.068	2.7052360685996e-28	c14	NDUFB2
2.36171707555747e-32	2.09953962723755	0.026	0.005	4.57488214706238e-28	c14	VCAN
3.08439824756604e-32	1.20731653965322	0.092	0.04	5.97478784536017e-28	c14	MIR4435-1HG
3.40408404766926e-32	0.814871931418412	0.255	0.16	6.59405120874013e-28	c14	ALOX5AP
3.85188212338769e-32	0.691802882340538	0.261	0.162	7.4614808612143e-28	c14	SRP14
4.29457729127943e-32	1.57078839451664	0.057	0.019	8.31902567093738e-28	c14	CCDC167
7.10098025103097e-32	1.47196567957663	0.07	0.027	1.37553088442721e-27	c14	H2AFX
7.43686009331537e-32	3.33689849284772	0.011	0.001	1.44059416867612e-27	c14	PAICS
8.59906598272034e-32	0.96737222898428	0.155	0.082	1.66572507151276e-27	c14	BATF
1.1741744565515e-31	0.844258955133744	0.185	0.104	2.27449333978591e-27	c14	LDHB
1.60401932741522e-31	1.03060554503064	0.13	0.064	3.10714583913602e-27	c14	UQCRH
1.78442890673396e-31	0.961803033755732	0.146	0.075	3.45661723523435e-27	c14	PSMB8
3.04151281978874e-31	2.68747137468197	0.017	0.003	5.89171448321276e-27	c14	RNASEH2A
4.39682339397976e-31	3.18052846827219	0.011	0.001	8.51708659647819e-27	c14	GNG4
4.69149392587975e-31	2.08053350966306	0.03	0.007	9.08789288382167e-27	c14	IMPDH2
4.93340766966711e-31	1.53749360681151	0.055	0.019	9.55650399691215e-27	c14	CTSB
8.32393917892263e-31	2.40464309948355	0.022	0.004	1.6124302583491e-26	c14	PHF19
8.82852065386528e-31	2.12837550577776	0.029	0.007	1.71017273586024e-26	c14	PPT1
9.28114787503676e-31	1.67054237452906	0.047	0.015	1.79785115487337e-26	c14	YWHAE
1.32963025980837e-30	1.4817499851728	0.06	0.021	2.5756267762748e-26	c14	LSM2
2.66806203328052e-30	6.38261679315355	0.002	0	5.1683029646677e-26	c14	NCCRP1
2.67162710332323e-30	5.96757929387471	0.002	0	5.17520886184742e-26	c14	CALCRL
4.50970409469441e-30	1.28177492210201	0.079	0.033	8.73574780183254e-26	c14	RBPJ
6.81594010029198e-30	2.56970234575405	0.018	0.003	1.32031575682756e-25	c14	MCM6
1.26332525938372e-29	2.41606327624669	0.032	0.008	2.44718735995221e-25	c14	MS4A1
1.73953555548566e-29	1.17723974903744	0.091	0.04	3.36965432453128e-25	c14	COX7B
2.02153524099397e-29	1.26169724914321	0.083	0.035	3.91591591532941e-25	c14	HSPD1
2.02558175325086e-29	1.52312906677583	0.055	0.019	3.92375441422225e-25	c14	NDUFB3
2.88397020568273e-29	1.46355148359893	0.059	0.021	5.58653868542802e-25	c14	NHP2
5.94564500711938e-29	2.90069281406761	0.013	0.002	1.15173089432909e-24	c14	SPI1
7.67030913825808e-29	3.19819222201613	0.011	0.001	1.48581558317197e-24	c14	CENPN
1.0034621070476e-28	3.98853891251036	0.006	0	1.94380644756191e-24	c14	NCAPG
1.11529271352522e-28	1.07768636422529	0.107	0.051	2.16043351536971e-24	c14	DYNLL1
1.39694192523172e-28	3.74518687253826	0.007	0.001	2.70601620336637e-24	c14	KIF11
1.58874135276495e-28	2.17087161601661	0.025	0.006	3.07755087444098e-24	c14	SHMT2
1.60116704997105e-28	1.00687450073006	0.118	0.059	3.10162069249891e-24	c14	NDUFB1
2.1599661301708e-28	3.38691693058718	0.011	0.001	4.18407039075386e-24	c14	VPREB3
2.63087960630017e-28	2.92823840224254	0.013	0.002	5.09627688536406e-24	c14	CSTA
3.32674860563596e-28	1.07064718893259	0.105	0.05	6.44424472397741e-24	c14	HNRNPC
3.85933947933804e-28	3.44053676908273	0.009	0.001	7.47592650542571e-24	c14	POU2AF1
6.39475666360538e-28	0.950435992389456	0.131	0.068	1.238728313307e-23	c14	PLP2
1.13493676876332e-27	1.26053601289948	0.076	0.032	2.19848601477142e-23	c14	SNRPD3
2.345271636232e-27	3.46632749954278	0.008	0.001	4.543025686545e-23	c14	ALDH2
2.49331837852703e-27	1.59036876348616	0.047	0.016	4.82980703104472e-23	c14	STRA13
2.72004043722356e-27	2.94965738587745	0.012	0.002	5.26899033094577e-23	c14	RFC4
4.09102772620602e-27	0.564387277800177	0.342	0.241	7.92472980843368e-23	c14	HNRNPA1
4.5141161722956e-27	1.57453120760052	0.047	0.016	8.74429443735382e-23	c14	PPM1G
8.2967717363447e-27	2.51283937056213	0.017	0.003	1.60716765304733e-22	c14	ATAD2
8.29687629066814e-27	1.43082965957071	0.057	0.021	1.60718790626532e-22	c14	DDX39A
1.80731742982749e-26	1.39406268474423	0.067	0.027	3.50095459331884e-22	c14	PTMS
2.30299735661566e-26	1.02057972261995	0.114	0.058	4.46113617950019e-22	c14	SEC61B
2.87717966710164e-26	4.56764868698607	0.004	0	5.5733847331426e-22	c14	RMI2
4.4512722336529e-26	1.55390863035977	0.048	0.017	8.62255944380903e-22	c14	C1QBP
5.4925706907446e-26	6.64565119898734	0.002	0	1.06396586850414e-21	c14	IL22RA2
7.51404477920558e-26	1.13605806068635	0.089	0.041	1.45554561417991e-21	c14	CDK2AP2
8.39587260609562e-26	1.12419331968767	0.088	0.041	1.62636448252678e-21	c14	COX17
8.49745582793332e-26	3.79004110832252	0.007	0.001	1.64604216842896e-21	c14	HIST1H3B
8.59060434953474e-26	1.74963865710934	0.035	0.01	1.66408596854837e-21	c14	HLA-DRB3
1.01590935738623e-25	1.9076093682618	0.03	0.008	1.96791801619287e-21	c14	MS4A6A
1.34470327159516e-25	1.47415548966981	0.051	0.018	2.60482470740699e-21	c14	CLTA
1.80063378180497e-25	1.31814207183668	0.064	0.026	3.48800769873442e-21	c14	IDH2
2.1978218136699e-25	5.4232587776509	0.003	0	4.25740063525995e-21	c14	DEPDC1B
2.26194484145785e-25	0.764683948444302	0.179	0.106	4.381613352388e-21	c14	TCEB2
2.80535000506305e-25	1.45706235328	0.059	0.023	5.43424349480763e-21	c14	SNX3
2.96501638819038e-25	1.49915889201016	0.049	0.018	5.74353324556359e-21	c14	MRPL51
3.04694670157053e-25	2.62711524754992	0.014	0.002	5.90224045561228e-21	c14	MEF2C
3.14940474164219e-25	4.73876060337883	0.004	0	6.10071192503509e-21	c14	CD22
4.91820942556576e-25	2.25619910990298	0.022	0.005	9.52706347826344e-21	c14	CD79B
6.2753503171975e-25	4.32372310409998	0.007	0.001	1.21559810994433e-20	c14	LAMP3
9.15876798831746e-25	1.13844385578064	0.081	0.037	1.77414494701698e-20	c14	NDUFA6
1.2990727300465e-24	1.25641316914056	0.067	0.028	2.51643378537307e-20	c14	UBE2N
1.68248198659406e-24	2.49071537176449	0.019	0.004	3.25913585623136e-20	c14	LRMP
3.16693339593904e-24	1.7331957168613	0.034	0.01	6.13466668127351e-20	c14	CCT6A
3.19751236329825e-24	2.10851722335681	0.023	0.005	6.19390119894505e-20	c14	SAE1
4.32021985324164e-24	0.74896948833887	0.178	0.107	8.36869787771438e-20	c14	YWHAB
7.87270777029678e-24	0.838656635378197	0.142	0.08	1.52502222218419e-19	c14	HNRNPK
9.3904915200602e-24	0.800847060147263	0.153	0.088	1.81903211235086e-19	c14	RBM3
1.2784733815695e-23	3.10133068276354	0.01	0.001	2.47653078743827e-19	c14	HIST1H2AL
1.43113788494081e-23	7.2306136997085	0.001	0	2.77225719691884e-19	c14	MCM10
1.43113788494081e-23	7.64565119898734	0.001	0	2.77225719691884e-19	c14	LAD1
1.76514939325038e-23	1.11796350361794	0.082	0.038	3.41927088966531e-19	c14	BLOC1S1
2.04511071763371e-23	0.726255778652791	0.206	0.131	3.96158397112827e-19	c14	EMP3
2.05606496770414e-23	3.52055597900581	0.014	0.002	3.98280344893969e-19	c14	S100B
2.21441287523463e-23	2.40533686965364	0.014	0.002	4.289539180617e-19	c14	IL21
2.67505764435023e-23	0.681103100593099	0.211	0.134	5.18185416287083e-19	c14	PPIB
3.92958583810062e-23	2.28338021674083	0.024	0.006	7.61200072698471e-19	c14	LTA
6.38127905758193e-23	4.85715530418106	0.004	0	1.2361175662442e-18	c14	PPP1R14A
6.40010906500629e-23	4.86804362032379	0.004	0	1.23976512698237e-18	c14	UBD
6.47848587209608e-23	0.943777152601293	0.113	0.06	1.25494749828373e-18	c14	C12orf75
8.16369593974453e-23	0.979855706563803	0.1	0.051	1.58138954048791e-18	c14	UQCRQ
8.63510281660847e-23	0.988043396434425	0.104	0.054	1.67270576660523e-18	c14	RPS17
9.98702826825449e-23	1.2522349985158	0.062	0.026	1.93458724584358e-18	c14	ATP5C1
1.01954327971346e-22	2.54043188693285	0.016	0.003	1.97495728713294e-18	c14	ZBED2
1.02660441927857e-22	1.65930260875987	0.036	0.012	1.98863542058451e-18	c14	C1orf162
1.13102111502654e-22	3.32372310409998	0.008	0.001	2.19090100191791e-18	c14	WDR34
1.2672062754228e-22	2.71604052687874	0.016	0.003	2.4547052761215e-18	c14	SMIM14
1.40624676906769e-22	1.10649238787932	0.09	0.044	2.72404061636103e-18	c14	LGALS3
1.69565365802657e-22	1.17163040505006	0.075	0.035	3.28465070096328e-18	c14	TNFRSF1B
2.02464650509542e-22	0.594776406833771	0.253	0.17	3.92194274502034e-18	c14	YWHAZ
3.16048336658289e-22	1.79867350479615	0.029	0.009	6.12217232940772e-18	c14	RBBP7
3.25324781738555e-22	3.99876094912299	0.009	0.001	6.30186634705756e-18	c14	FSCN1
3.29845911737369e-22	3.15183658632439	0.012	0.002	6.38944515626458e-18	c14	C15orf48
3.96742491772245e-22	2.90868560482114	0.01	0.001	7.68529880812015e-18	c14	EZH2
5.30884182251658e-22	0.733902558638822	0.165	0.099	1.02837574943969e-17	c14	LCP1
7.44341856583103e-22	4.83829627692974	0.003	0	1.44186461038713e-17	c14	MGST1
8.80683854845045e-22	0.905204305755777	0.116	0.063	1.70597269522034e-17	c14	NCL
1.04202205309314e-21	0.971321695560526	0.096	0.049	2.01850091904671e-17	c14	CSNK2B
1.1775079595369e-21	3.85715530418106	0.005	0	2.28095066841894e-17	c14	CASC5
1.6712987325051e-21	2.16068448824291	0.022	0.006	3.23747277473563e-17	c14	SOX4
1.69477208085091e-21	0.732333002552728	0.16	0.096	3.2829429978163e-17	c14	COX7A2
2.41458902779617e-21	1.14466709090554	0.069	0.031	4.67730040574396e-17	c14	NDUFV2
2.56748115249792e-21	1.33567823743734	0.051	0.02	4.97346774050373e-17	c14	RBBP4
2.72815599508394e-21	1.82153139445034	0.027	0.008	5.28471097807711e-17	c14	CCT5
3.23239524074433e-21	3.4306383080165	0.007	0.001	6.26147282084584e-17	c14	IGSF6
3.43740274792462e-21	3.30461428115228	0.007	0.001	6.65859286300478e-17	c14	NDC80
3.56239880406717e-21	2.08136226653094	0.02	0.005	6.90072272335852e-17	c14	DCTPP1
3.90655490321897e-21	1.95706606719203	0.023	0.006	7.56738750302548e-17	c14	USP1
5.56366559804817e-21	4.39772368554376	0.004	0	1.07773766299791e-16	c14	CKAP2L
5.56366559804817e-21	4.39772368554376	0.004	0	1.07773766299791e-16	c14	FAM111B
5.58019497057139e-21	3.77118208107121	0.004	0	1.08093956774938e-16	c14	CXCL9
6.91739897489527e-21	0.826603952356782	0.145	0.085	1.33996935542696e-16	c14	ITM2A
9.91901087965035e-21	1.35129811979083	0.049	0.019	1.92141159749707e-16	c14	HLA-DRB1
1.1769968816745e-20	4.71965178043112	0.003	0	2.27996065949168e-16	c14	WFDC21P
1.29909974993817e-20	1.41185401437865	0.054	0.023	2.51648612560523e-16	c14	HIST1H1E
1.65325541269233e-20	1.01517403901382	0.088	0.045	3.20252105992631e-16	c14	ZYX
2.8509256234759e-20	1.15110855939084	0.065	0.03	5.52252802523517e-16	c14	ATP5F1
3.10015850847903e-20	0.771957693799553	0.144	0.086	6.00531704677473e-16	c14	PCBP1
3.44867983526383e-20	3.07490255748589	0.008	0.001	6.68043770888957e-16	c14	EAF2
3.55022391780036e-20	2.04688289874116	0.021	0.005	6.87713875117107e-16	c14	FCN1
4.4800950866817e-20	0.902862942193555	0.102	0.054	8.67839219241111e-16	c14	ABRACL
4.66550827284024e-20	0.780236488889597	0.133	0.077	9.03755607531883e-16	c14	SRSF3
6.85520920989538e-20	1.56527778252333	0.035	0.012	1.32792257604883e-15	c14	LINC00892
7.66430457754225e-20	1.35674870738287	0.047	0.018	1.48465243971571e-15	c14	H3F3A
8.35407929729972e-20	1.59502512591738	0.025	0.007	1.61826870067993e-15	c14	LST1
1.403813839706e-19	0.865835300528024	0.115	0.065	2.7193277888945e-15	c14	SEC61G
1.43761498498262e-19	1.02754810742572	0.078	0.038	2.78480398740983e-15	c14	MINOS1
1.51081577283261e-19	1.88263581594048	0.027	0.008	2.92660123355404e-15	c14	CPNE3
1.7173762783743e-19	1.01431692946729	0.08	0.04	3.32672958883886e-15	c14	SERBP1
2.00467109402971e-19	1.61239257904193	0.033	0.011	3.88324837624496e-15	c14	CD4
2.70800551931433e-19	0.862946941990821	0.114	0.064	5.24567749146378e-15	c14	NDUFA11
3.10308513508705e-19	2.86015571089348	0.009	0.001	6.01098621517713e-15	c14	CENPH
3.11942803682975e-19	1.21340759179583	0.056	0.024	6.04264405014291e-15	c14	PSMA5
3.80998350438138e-19	1.02430826253969	0.087	0.045	7.38031904633717e-15	c14	RPS27L
4.54346397987277e-19	1.53364617347422	0.035	0.012	8.80114407541154e-15	c14	GALM
5.23907986255691e-19	0.997654288721097	0.082	0.042	1.0148621601759e-14	c14	RALY
6.40211023139251e-19	2.40618526429196	0.013	0.003	1.24015277292304e-14	c14	GMNN
2.02008531131293e-18	3.33632314087962	0.008	0.001	3.91310725654427e-14	c14	HIST1H2BH
2.40125284119861e-18	0.988622961974353	0.078	0.039	4.65146687868583e-14	c14	CACYBP
2.42386122524982e-18	1.95038243634941	0.021	0.006	4.69526157943142e-14	c14	CD59
3.20277016710519e-18	2.45661737459733	0.012	0.002	6.20408609069946e-14	c14	GNA15
3.77835859323791e-18	3.58152086156763	0.005	0	7.31905843096115e-14	c14	NEIL1
3.88201949427134e-18	5.00179500921262	0.002	0	7.51985996235302e-14	c14	CCL19
3.98303584124088e-18	1.41043473729331	0.039	0.015	7.7155387280677e-14	c14	ILF2
4.29290808720498e-18	1.29807797080131	0.046	0.019	8.31579225572476e-14	c14	HNRNPR
4.85346435679192e-18	0.865923990796959	0.103	0.057	9.40164580554162e-14	c14	TRAPPC1
5.8988514699224e-18	3.00179500921262	0.008	0.001	1.14266651823867e-13	c14	LY86
6.63805866869831e-18	2.53784790945283	0.013	0.002	1.28585834471355e-13	c14	HIST1H3D
6.91947485464249e-18	1.10752694872744	0.011	0.002	1.3403714740928e-13	c14	IGLL5
8.09506183463732e-18	0.966818870969647	0.081	0.042	1.5680944279876e-13	c14	PSMB1
9.15831621242976e-18	1.50716924519592	0.03	0.01	1.77405743350977e-13	c14	AIF1
9.64272437796243e-18	2.2599975064896	0.015	0.003	1.8678921392551e-13	c14	IGFBP4
1.0373642893162e-17	4.36554327979461	0.003	0	2.0094783648344e-13	c14	KIF2C
1.0373642893162e-17	4.36554327979461	0.003	0	2.0094783648344e-13	c14	BATF3
1.1852500646478e-17	1.91309078394114	0.02	0.005	2.29594790022924e-13	c14	CDK4
1.29532621906664e-17	3.32372310409998	0.006	0.001	2.509176418954e-13	c14	ACTG2
1.4600130233523e-17	0.996651705936662	0.077	0.039	2.82819122753574e-13	c14	CTLA4
1.74970477352756e-17	1.68609502469846	0.026	0.008	3.38935311680023e-13	c14	HPRT1
2.0199735058269e-17	5.06068869826619	0.002	0	3.91289067813728e-13	c14	PPAP2B
2.76056390652701e-17	4.64565119898734	0.003	0	5.34748834333347e-13	c14	E2F1
2.76056390652701e-17	4.64565119898734	0.003	0	5.34748834333347e-13	c14	CDCA2
2.89843280519735e-17	4.38261679315355	0.004	0	5.61455418694778e-13	c14	PAX5
2.9058429197746e-17	4.06068869826619	0.004	0	5.62890831989539e-13	c14	SGOL1
3.03163681396345e-17	1.15708356182156	0.06	0.028	5.87258367232859e-13	c14	TMEM173
3.24927045798001e-17	2.01144517924634	0.018	0.004	6.29416180415307e-13	c14	KIF20B
3.47512153003047e-17	1.08640413852543	0.062	0.029	6.73165791582201e-13	c14	MZT2A
6.3663994953021e-17	1.41825331038344	0.056	0.026	1.23323524623497e-12	c14	LMNA
7.07325012370942e-17	2.22046914230296	0.015	0.003	1.37015928146375e-12	c14	SNRNP25
7.6464572234177e-17	1.61488894521666	0.028	0.009	1.48119522874824e-12	c14	PARP1
1.02889470766135e-16	1.30410590208756	0.042	0.017	1.99307193821079e-12	c14	NDUFAB1
1.03913122115344e-16	1.17733361711846	0.051	0.023	2.01290108849633e-12	c14	PPP1CC
1.36625640023284e-16	1.68008469605122	0.019	0.005	2.64657527289103e-12	c14	CLU
1.40149694214833e-16	0.539812205045992	0.221	0.154	2.71483972663554e-12	c14	MYL12B
1.78476179747707e-16	5.45300612104495	0.002	0	3.45726207789283e-12	c14	HIST1H3G
1.85674539209733e-16	2.02230760653833	0.017	0.004	3.59670149903174e-12	c14	TACC3
2.01353097008092e-16	3.13663755149949	0.006	0.001	3.90041084214375e-12	c14	MXD3
2.49005245861225e-16	1.32012086741979	0.04	0.016	4.8234806175778e-12	c14	LBR
3.09012151344021e-16	4.75256640290386	0.003	0	5.98587438368502e-12	c14	LOC101930114
3.32536484021578e-16	0.90410627751658	0.085	0.046	6.44156423198198e-12	c14	ANXA6
3.53949469915034e-16	0.851517909279195	0.092	0.051	6.85635518172412e-12	c14	BRK1
3.64500686505583e-16	0.763222660820739	0.113	0.067	7.06074279829964e-12	c14	CDC42
4.06027261913e-16	2.56361543012133	0.014	0.003	7.86515409051672e-12	c14	S100A12
4.72398287110949e-16	0.723846391461813	0.122	0.074	9.15082721962619e-12	c14	UQCR10
6.04106739192165e-16	6.2306136997085	0.001	0	1.17021516448914e-11	c14	LOC101929107
6.04513141153202e-16	4.83829627692974	0.001	0	1.17100240572787e-11	c14	CXCL11
6.08296510871196e-16	3.54131453917261	0.005	0	1.17833117120859e-11	c14	PAQR4
6.11311655375646e-16	1.45789290445772	0.033	0.012	1.18417180762816e-11	c14	PSMA4
6.56444226624187e-16	0.796204943440709	0.11	0.065	1.27159811139371e-11	c14	GPX4
6.66647542054024e-16	1.21501684465748	0.046	0.02	1.29136295371285e-11	c14	PSMB2
7.05082109057606e-16	1.92987982709026	0.018	0.005	1.36581455345549e-11	c14	LGALS9
7.0735842515739e-16	0.73563619492239	0.121	0.073	1.37022400537238e-11	c14	COX5B
7.40828297027483e-16	2.68629318348469	0.009	0.001	1.43505849417194e-11	c14	PAK1
7.40828297027483e-16	2.68629318348469	0.009	0.001	1.43505849417194e-11	c14	CCR8
1.0488155393123e-15	1.28218863888077	0.045	0.019	2.03166058120185e-11	c14	TIMP1
1.11992035556737e-15	1.01383053895626	0.064	0.032	2.16939772076955e-11	c14	NAA38
1.42435074363048e-15	3.89076369682388	0.004	0	2.75910982548661e-11	c14	BRCA1
1.42435074363048e-15	3.89076369682388	0.004	0	2.75910982548661e-11	c14	DTL
1.49537494539897e-15	1.14293871302128	0.05	0.023	2.89669080673235e-11	c14	RAC1
1.5150892465881e-15	1.74998785880208	0.021	0.006	2.93487937956581e-11	c14	SMC1A
1.5598785020814e-15	0.811334122483344	0.097	0.055	3.02164064638188e-11	c14	NDUFB11
1.56257408262235e-15	1.21046712659673	0.045	0.019	3.02686225544775e-11	c14	TWF2
1.7861437270687e-15	0.470936462514711	0.272	0.2	3.45993901370478e-11	c14	PCBP2
2.59374783405954e-15	1.66302165012639	0.023	0.007	5.02434892935673e-11	c14	DNAJC9
2.66222123695714e-15	3.28809919436926	0.003	0	5.15698875810967e-11	c14	CCL17
2.76306973362286e-15	0.606561861601083	0.158	0.103	5.35234238100084e-11	c14	ATP5I
3.92983344952538e-15	0.785519245891879	0.102	0.06	7.61248037507562e-11	c14	HNRNPA1P10
4.16686686261902e-15	3.06068869826619	0.006	0.001	8.0716377995793e-11	c14	HELLS
4.73350219657785e-15	1.35497403808442	0.035	0.014	9.16926710499096e-11	c14	SLIRP
5.03800550437975e-15	2.61002728925663	0.009	0.002	9.75912046253401e-11	c14	STAG3
5.45621763722997e-15	2.3862645701687	0.013	0.003	1.05692391850782e-10	c14	CD200
5.74328431052349e-15	5.90868560482114	0.002	0	1.11253160379151e-10	c14	PLVAP
6.32119046085965e-15	1.60462393072729	0.025	0.009	1.22447780417312e-10	c14	PMVK
6.37289520629841e-15	2.30063949098694	0.013	0.003	1.23449353041206e-10	c14	PTP4A3
7.02686876454376e-15	0.672638029180477	0.128	0.08	1.36117474837977e-10	c14	POLR2L
7.90160678104783e-15	1.62470080383045	0.023	0.008	1.53062024955678e-10	c14	GPR25
9.93546054374331e-15	1.15082653612638	0.048	0.022	1.92459806192852e-10	c14	ATP5G1
1.0438153645879e-14	2.45978465367601	0.01	0.002	2.02197474274323e-10	c14	CRADD
1.11325979677223e-14	1.80838069902545	0.027	0.01	2.15649555232748e-10	c14	TNFRSF9
1.58932743623685e-14	2.7673297555756	0.008	0.001	3.0786861767344e-10	c14	TSPAN13
1.63900057075449e-14	1.0725349411143	0.053	0.026	3.17490800560852e-10	c14	ATP5A1
2.49995896195087e-14	1.41130946904926	0.032	0.012	4.84267050519504e-10	c14	GADD45G
2.80249656956782e-14	0.977986108935941	0.062	0.032	5.42871610490983e-10	c14	SEC11A
3.0995977603576e-14	1.09494176541554	0.051	0.024	6.00423082158872e-10	c14	DCTN3
3.23173793130912e-14	3.2224397682628	0.005	0.001	6.2601995467389e-10	c14	CENPE
3.86789224600611e-14	2.95377349434968	0.006	0.001	7.49249406973844e-10	c14	FCRLA
4.1443399034029e-14	0.313167025725769	0.427	0.345	8.02800082688175e-10	c14	RPSA
4.7386890786961e-14	3.61590385559329	0.005	0	9.17931461434221e-10	c14	FBP1
5.56078144144956e-14	0.853001472243462	0.08	0.044	1.07717897302319e-09	c14	HSP90B1
5.90735233709854e-14	2.97727269007855	0.009	0.002	1.14431322121936e-09	c14	HIST1H2BF
6.52152790011727e-14	4.64565119898735	0.002	0	1.26328516953172e-09	c14	BCL7A
6.62240713258547e-14	0.813501446032796	0.085	0.048	1.28282648565313e-09	c14	C11orf31
6.8287433145802e-14	0.95206323717945	0.067	0.036	1.32279586746733e-09	c14	TBCB
7.75956913323287e-14	1.47960963203226	0.029	0.011	1.50310613679854e-09	c14	UBE2J1
8.1727616794582e-14	0.913960546861814	0.068	0.036	1.58314566492785e-09	c14	UBE2I
8.95274451296391e-14	0.85546763507568	0.08	0.045	1.73423613960624e-09	c14	BUB3
1.02806053794608e-13	4.2306136997085	0.003	0	1.99145606805535e-09	c14	CDC45
1.02806053794608e-13	4.2306136997085	0.003	0	1.99145606805535e-09	c14	NEIL3
1.02806053794608e-13	4.2306136997085	0.003	0	1.99145606805535e-09	c14	CR2
1.02867757384213e-13	4.14315085845816	0.003	0	1.99265132828959e-09	c14	CLEC5A
1.038086952706e-13	3.47572619754503	0.003	0	2.0108782360868e-09	c14	IL13
1.19741958733707e-13	2.08668390679914	0.013	0.003	2.31952148263065e-09	c14	CYBB
1.24998688544215e-13	1.59447247506178	0.022	0.007	2.42134959578998e-09	c14	TESC
1.53980037467036e-13	0.726279483104445	0.104	0.063	2.98274730577396e-09	c14	ATPIF1
1.56182058446975e-13	0.701507093873188	0.111	0.069	3.02540265417634e-09	c14	TMBIM6
2.09436262059769e-13	1.07251158340036	0.048	0.023	4.05698983235978e-09	c14	PTPN7
2.28445259183716e-13	1.28809919436926	0.034	0.014	4.42521311564777e-09	c14	RHEB
3.2917499070343e-13	2.28977577217665	0.01	0.002	6.37644874491615e-09	c14	NME1
4.0039257244067e-13	0.87152747796096	0.073	0.041	7.75600452074821e-09	c14	UQCRHL
4.01521624006496e-13	5.06068869826619	0.002	0	7.77787537862983e-09	c14	FLT3
4.01521624006496e-13	5.06068869826619	0.002	0	7.77787537862983e-09	c14	PBK
4.01521624006496e-13	5.06068869826619	0.002	0	7.77787537862983e-09	c14	SHCBP1
4.0174493079074e-13	4.64565119898734	0.002	0	7.78220105434742e-09	c14	SPARC
4.34416475561384e-13	1.84948001542242	0.017	0.005	8.41508154809958e-09	c14	TOX2
5.72214382920111e-13	0.929260409489667	0.063	0.034	1.10843648115455e-08	c14	FAM49B
6.56057383538626e-13	0.713174379977152	0.111	0.07	1.27084875765267e-08	c14	C9orf16
7.63547281477912e-13	1.35667352590127	0.03	0.012	1.47906743895086e-08	c14	TKT
1.05624362421817e-12	1.31137791368015	0.031	0.013	2.04604952447301e-08	c14	ENTPD1
1.14273834793744e-12	0.963019785865388	0.057	0.03	2.21359845378961e-08	c14	MRPS6
1.14500868802423e-12	1.35897395128304	0.029	0.011	2.21799632957173e-08	c14	PSMC3
1.24481824261176e-12	0.915258258744626	0.064	0.035	2.41133741776324e-08	c14	IGFLR1
1.33928688203825e-12	0.902686864199697	0.063	0.034	2.5943326191963e-08	c14	IFI27L2
1.39553338760822e-12	2.9268329515314	0.006	0.001	2.70328772513588e-08	c14	ZBTB32
1.47476816840762e-12	3.35614458179236	0.004	0	2.8567734190224e-08	c14	FANCI
1.49021339959672e-12	6.64565119898734	0.001	0	2.88669237635881e-08	c14	LINC01013
1.49021339959672e-12	6.64565119898734	0.001	0	2.88669237635881e-08	c14	CTNND1
1.49021339959672e-12	6.64565119898734	0.001	0	2.88669237635881e-08	c14	AICDA
1.49021339959672e-12	6.64565119898734	0.001	0	2.88669237635881e-08	c14	LOC101928419
1.49021339959672e-12	6.64565119898734	0.001	0	2.88669237635881e-08	c14	APOL4
1.49021339959672e-12	6.64565119898734	0.001	0	2.88669237635881e-08	c14	CDC42EP1
1.49021339959672e-12	6.64565119898734	0.001	0	2.88669237635881e-08	c14	DNAJC12
1.49021339959672e-12	6.64565119898734	0.001	0	2.88669237635881e-08	c14	LOC728175
1.49021339959672e-12	6.64565119898734	0.001	0	2.88669237635881e-08	c14	CCL24
1.49021339959672e-12	6.64565119898734	0.001	0	2.88669237635881e-08	c14	ACHE
1.49021339959672e-12	6.64565119898734	0.001	0	2.88669237635881e-08	c14	PPM1J
1.49021339959672e-12	6.64565119898734	0.001	0	2.88669237635881e-08	c14	MYH11
1.49021339959672e-12	6.64565119898734	0.001	0	2.88669237635881e-08	c14	PPIC
1.49021339959672e-12	6.64565119898734	0.001	0	2.88669237635881e-08	c14	CDC25A
1.49021339959672e-12	6.64565119898734	0.001	0	2.88669237635881e-08	c14	COL4A2
1.49021339959672e-12	6.64565119898734	0.001	0	2.88669237635881e-08	c14	PARVA
1.49021339959672e-12	6.64565119898734	0.001	0	2.88669237635881e-08	c14	TMEM178B
1.49021339959672e-12	6.64565119898734	0.001	0	2.88669237635881e-08	c14	SFRP2
1.49021339959672e-12	6.64565119898734	0.001	0	2.88669237635881e-08	c14	SRRM2-AS1
1.49021339959672e-12	6.64565119898734	0.001	0	2.88669237635881e-08	c14	FSTL1
1.49021339959672e-12	6.64565119898734	0.001	0	2.88669237635881e-08	c14	THSD7A
1.49021339959672e-12	6.64565119898734	0.001	0	2.88669237635881e-08	c14	PLAC9
1.49021339959672e-12	7.2306136997085	0.001	0	2.88669237635881e-08	c14	VWF
1.49021339959672e-12	6.64565119898734	0.001	0	2.88669237635881e-08	c14	RNF182
1.49021339959672e-12	6.64565119898734	0.001	0	2.88669237635881e-08	c14	MFAP4
1.49021339959672e-12	6.64565119898734	0.001	0	2.88669237635881e-08	c14	CYYR1
1.49021339959672e-12	6.64565119898734	0.001	0	2.88669237635881e-08	c14	NHLH1
1.49021339959672e-12	6.64565119898734	0.001	0	2.88669237635881e-08	c14	SLC16A9
1.49021339959672e-12	6.64565119898734	0.001	0	2.88669237635881e-08	c14	SLC13A1
1.49021339959672e-12	6.64565119898734	0.001	0	2.88669237635881e-08	c14	SLC6A13
1.49021339959672e-12	6.64565119898734	0.001	0	2.88669237635881e-08	c14	CD34
1.49021339959672e-12	6.64565119898734	0.001	0	2.88669237635881e-08	c14	NPR3
1.49021339959672e-12	6.64565119898734	0.001	0	2.88669237635881e-08	c14	TMEM174
1.49021339959672e-12	6.64565119898734	0.001	0	2.88669237635881e-08	c14	BHMT2
1.49021339959672e-12	6.64565119898734	0.001	0	2.88669237635881e-08	c14	PTH1R
1.49021339959672e-12	6.64565119898734	0.001	0	2.88669237635881e-08	c14	CXorf36
1.49021339959672e-12	6.64565119898734	0.001	0	2.88669237635881e-08	c14	TBX2
1.49021339959672e-12	6.64565119898734	0.001	0	2.88669237635881e-08	c14	RERGL
1.55109348182532e-12	0.626850000979084	0.121	0.078	3.00462318364382e-08	c14	PTGES3
1.59656567165743e-12	1.97427394644872	0.013	0.003	3.0927073625676e-08	c14	ETV7
1.78352513860276e-12	2.43849329134606	0.008	0.002	3.45486654598741e-08	c14	RNASE6
2.04776892495547e-12	4.28308111960264	0.003	0	3.96673318453123e-08	c14	PKIB
2.32243359765994e-12	1.12056015424359	0.041	0.019	4.49878612202707e-08	c14	PYCARD
2.72767172195574e-12	3.69811861888148	0.003	0	5.28377289260047e-08	c14	HIST1H2BM
3.26967961393504e-12	1.75915239221001	0.018	0.006	6.33369638015356e-08	c14	LAP3
3.2998007125678e-12	0.778281063275038	0.083	0.049	6.39204396031509e-08	c14	LSM7
3.88583178618067e-12	0.637035832363934	0.118	0.076	7.52724475301058e-08	c14	SRSF2
4.08419554802453e-12	6.64565119898735	0.001	0	7.91149519607832e-08	c14	MMP12
4.08522048502025e-12	5.64565119898734	0.001	0	7.91348060153273e-08	c14	SLC2A5
4.08522048502025e-12	5.64565119898734	0.001	0	7.91348060153273e-08	c14	TUBB3
4.08522048502025e-12	5.64565119898734	0.001	0	7.91348060153273e-08	c14	CYP2S1
4.08522048502025e-12	5.64565119898734	0.001	0	7.91348060153273e-08	c14	TVP23A
7.61507171166702e-12	0.635449886136532	0.113	0.073	1.47511554126702e-07	c14	NDUFS5
8.41514023417169e-12	1.09939222759667	0.042	0.02	1.6300968147614e-07	c14	SET
9.06277794274123e-12	3.52012031690349	0.004	0	1.7555507152884e-07	c14	CAV1
9.86538273150899e-12	0.911506123883519	0.045	0.022	1.91102328892061e-07	c14	CD83
1.02106301567501e-11	1.31112306732035	0.028	0.011	1.97790116766406e-07	c14	FAM96A
1.1798133957139e-11	1.2787461953816	0.03	0.012	2.28541652883739e-07	c14	UBE2A
1.21194158691719e-11	3.56764868698607	0.004	0	2.34765204801728e-07	c14	HIST1H2BI
1.27632463695439e-11	1.4386888182205	0.023	0.009	2.47236845424435e-07	c14	TNIP2
1.44247774718587e-11	1.19826553155352	0.038	0.017	2.79422364407375e-07	c14	HIST1H1D
1.48545967897011e-11	2.93515781618233	0.005	0.001	2.87748394413299e-07	c14	NET1
1.62707899249556e-11	0.997165211918552	0.053	0.028	3.15181471636316e-07	c14	PHPT1
1.64543899112616e-11	2.70223472735371	0.006	0.001	3.18737986971049e-07	c14	SAC3D1
2.23976383636833e-11	2.72626965919563	0.008	0.002	4.33864652742908e-07	c14	HIST1H4F
2.25913630026799e-11	0.797530609887771	0.078	0.046	4.37617292724912e-07	c14	BST2
2.40252682289213e-11	0.946289325529103	0.051	0.027	4.65393470862435e-07	c14	ATP6V0B
2.75438442992652e-11	2.4232587776509	0.008	0.002	5.33551807921066e-07	c14	BHLHE40-AS1
2.85282001740728e-11	0.948511585314328	0.05	0.026	5.52619765571964e-07	c14	MRPL52
3.12535114639819e-11	1.14793989203711	0.035	0.016	6.05411770568793e-07	c14	CHMP2A
3.65635771808797e-11	0.711960544035113	0.087	0.053	7.0827305357082e-07	c14	WDR83OS
3.78918486209406e-11	1.60856188025213	0.018	0.006	7.3400299963624e-07	c14	AP1S2
3.91255808439988e-11	1.48146256709418	0.021	0.007	7.57901626529102e-07	c14	ACYP1
4.09258089486275e-11	1.29017054438896	0.025	0.01	7.92773845143862e-07	c14	CD70
4.10755934482491e-11	1.25333377620859	0.029	0.012	7.95675320686033e-07	c14	GSTO1
4.154170285129e-11	1.60125707962889	0.019	0.006	8.04704325932339e-07	c14	GRN
4.5783113549104e-11	3.3602489801251	0.004	0	8.86864692559693e-07	c14	PKIG
4.72638655440608e-11	0.833473893472899	0.064	0.036	9.15548339454002e-07	c14	RHOG
4.82255831840556e-11	0.939297686297691	0.051	0.027	9.34177771858342e-07	c14	XRCC6
4.98482061132674e-11	0.957077088923421	0.052	0.027	9.65609600620104e-07	c14	STAT1
5.90280590992643e-11	2.53414288377036	0.007	0.001	1.14343253281185e-06	c14	BIK
6.65126887863326e-11	2.73876060337883	0.006	0.001	1.28841729448005e-06	c14	FBXO5
6.76807007625681e-11	1.16483215293265	0.034	0.016	1.31104285447171e-06	c14	PDCD5
6.78602426111635e-11	1.59398907916485	0.018	0.006	1.31452075962085e-06	c14	SKA2
6.89258506050423e-11	1.34699288342283	0.025	0.01	1.33516265207027e-06	c14	MZT1
6.96326310762957e-11	0.741511214394862	0.084	0.052	1.34885369657893e-06	c14	CSTB
7.36971152376021e-11	0.679270994396027	0.102	0.065	1.42758681926759e-06	c14	SH2D2A
7.55061963697648e-11	2.52226878348206	0.007	0.001	1.46263052987871e-06	c14	PLXDC2
1.0020720078303e-10	0.84223484077608	0.064	0.036	1.94111368636807e-06	c14	CXCR3
1.04545772794233e-10	0.589768823118553	0.117	0.078	2.02515616479708e-06	c14	USMG5
1.13249342177297e-10	0.71491386142446	0.082	0.05	2.19375300731642e-06	c14	C14orf2
1.22739639846065e-10	2.67602484803087	0.006	0.001	2.37758956345813e-06	c14	C14orf182
1.25170019988459e-10	1.05083055976051	0.039	0.019	2.42466845719643e-06	c14	FERMT3
1.29199771891811e-10	0.491982088302953	0.111	0.073	2.50272878131628e-06	c14	HSPB1
1.30130148882542e-10	1.92075843712172	0.011	0.003	2.52075111400372e-06	c14	CSF2
1.32382584743579e-10	1.52289130562371	0.019	0.007	2.56438304906787e-06	c14	ATG3
1.55416178993356e-10	1.04537564277169	0.04	0.02	3.01056680328029e-06	c14	SDF2L1
1.55596616949499e-10	4.64565119898734	0.002	0	3.01406206692874e-06	c14	LOC102723602
1.55733858276693e-10	3.94521148084625	0.002	0	3.01672056867782e-06	c14	TIMP3
2.0605142496028e-10	3.7711820810712	0.003	0	3.99142215290558e-06	c14	CPNE5
2.06144657612149e-10	3.70705174365149	0.003	0	3.99322816260495e-06	c14	BHLHE41
2.22650391100321e-10	1.28945320201524	0.026	0.011	4.31296072600431e-06	c14	TMEM14A
2.56322104502289e-10	0.855104564616296	0.055	0.03	4.96521548631385e-06	c14	MZT2B
2.79383677975753e-10	2.08271500459619	0.01	0.003	5.41194122606831e-06	c14	CCDC50
2.93124447278269e-10	1.10959829874714	0.038	0.018	5.67811366822735e-06	c14	GLRX
3.06771180681283e-10	0.830785311676713	0.063	0.036	5.94246454097714e-06	c14	GNB2
3.20336258911638e-10	0.79981271305978	0.07	0.041	6.20523367137734e-06	c14	PEBP1
3.65249088288579e-10	1.98648775642477	0.013	0.004	7.07524008923807e-06	c14	WARS
3.69976246925975e-10	1.17998762663853	0.031	0.014	7.16680987920306e-06	c14	ATOX1
3.76218751847868e-10	0.558846371450074	0.123	0.084	7.28773344204505e-06	c14	LINC00152
3.92525311739277e-10	0.551897878030438	0.159	0.115	7.60360781370153e-06	c14	LY6E
4.02370525547771e-10	2.16452450925073	0.009	0.002	7.79431945038586e-06	c14	BCL2L12
5.11738630136659e-10	2.58675750993378	0.006	0.001	9.91288900437722e-06	c14	HIST1H2AI
5.4547515778197e-10	1.15069886399878	0.031	0.014	1.05663992813945e-05	c14	ETHE1
5.60511557655396e-10	0.857035669459887	0.057	0.032	1.08576693833427e-05	c14	LOC100506248
5.91465228629138e-10	1.39235800742607	0.01	0.002	1.1457272943775e-05	c14	IGJ
6.04555866741904e-10	0.740397240015934	0.073	0.044	1.17108516946574e-05	c14	COPE
6.17202193933814e-10	0.577297180684711	0.113	0.076	1.19558236986919e-05	c14	TMEM258
6.56186955791728e-10	1.20551673941854	0.03	0.014	1.27109975206416e-05	c14	HIST1H1C
6.85138422962049e-10	2.5132009029637	0.006	0.001	1.32718163911979e-05	c14	SYK
7.31830967417161e-10	0.600647189515862	0.106	0.071	1.41762976698378e-05	c14	NDUFA1
7.81078689344741e-10	1.17184227812743	0.029	0.013	1.5130275291297e-05	c14	DNAJC15
7.92491231993695e-10	1.93015713512396	0.011	0.003	1.53513476549499e-05	c14	HAUS4
7.93155826651663e-10	3.15379810265767	0.004	0	1.53642215180694e-05	c14	BASP1
8.30461654647991e-10	5.32372310409998	0.001	0	1.60868727121862e-05	c14	RAMP2
8.30627530041155e-10	5.06068869826619	0.001	0	1.60900858844272e-05	c14	ASS1
8.30627532522985e-10	5.2306136997085	0.001	0	1.60900859325027e-05	c14	UCHL1
8.30627532522985e-10	5.2306136997085	0.001	0	1.60900859325027e-05	c14	SUGCT
8.30627532522985e-10	5.2306136997085	0.001	0	1.60900859325027e-05	c14	DHRS9
8.30627532522985e-10	5.2306136997085	0.001	0	1.60900859325027e-05	c14	LIMCH1
8.30627532522985e-10	5.2306136997085	0.001	0	1.60900859325027e-05	c14	TRH
8.56264318704756e-10	2.70313669364811	0.006	0.001	1.65866961176298e-05	c14	HIST2H2AB
9.38217698666977e-10	0.692874444988632	0.081	0.051	1.8174215040878e-05	c14	HCLS1
9.53916201463109e-10	0.475380019969074	0.21	0.161	1.84783107385419e-05	c14	LAPTM5
1.08436348988241e-09	0.334698293253624	0.268	0.211	2.10052051625121e-05	c14	BTF3
1.11861483698176e-09	1.47140027214224	0.018	0.007	2.16686880071737e-05	c14	MTCH2
1.12885913829576e-09	2.00179500921262	0.01	0.002	2.18671303679273e-05	c14	LIG1
1.14322242308475e-09	2.98268618626492	0.004	0.001	2.21453615575748e-05	c14	SGOL2
1.14503256989822e-09	0.913368597704737	0.038	0.019	2.21804259114984e-05	c14	ID3
1.20055408466272e-09	1.15059567061933	0.03	0.014	2.32559331740016e-05	c14	NUTF2
1.20718359354243e-09	2.111672626985	0.01	0.003	2.33843533905105e-05	c14	TMEM176B
1.25496743971677e-09	1.29937324268423	0.023	0.01	2.43099742747535e-05	c14	CISD2
1.2645057069758e-09	2.17087161601661	0.008	0.002	2.44947400498283e-05	c14	NRM
1.30755067898101e-09	3.32372310409998	0.004	0	2.53285642025412e-05	c14	IL1RL1
1.31103355373288e-09	3.15379810265767	0.004	0	2.53960309693596e-05	c14	TNFRSF13B
1.36656421828209e-09	4.47572619754503	0.002	0	2.64717154723423e-05	c14	MILR1
1.36656421828209e-09	4.47572619754503	0.002	0	2.64717154723423e-05	c14	CD1D
1.36656421828209e-09	4.47572619754503	0.002	0	2.64717154723423e-05	c14	BST1
1.36765503252104e-09	4.18621958035005	0.002	0	2.64928456349651e-05	c14	GNG11
1.45659592984136e-09	2.57240221695671	0.006	0.001	2.8215719756957e-05	c14	ARHGAP11A
1.50887985448117e-09	0.752303698268705	0.066	0.039	2.92285116611548e-05	c14	PRDX5
1.62099632553127e-09	0.563123374551049	0.128	0.089	3.14003198218663e-05	c14	RNASEK
1.70799390521606e-09	2.4634478677666	0.006	0.001	3.30855499379403e-05	c14	LMCD1
1.85003349963679e-09	1.09153466521895	0.032	0.015	3.58369989214643e-05	c14	MDH1
1.88654583837545e-09	0.681089479754855	0.083	0.053	3.65442794351708e-05	c14	VAMP8
1.95680150645184e-09	2.97322585701585	0.005	0.001	3.79052019814786e-05	c14	FN1
2.10614309002937e-09	1.73138107301323	0.013	0.004	4.07980977969589e-05	c14	CKAP2
2.17114138869985e-09	0.992562865706157	0.04	0.02	4.20571798405047e-05	c14	SNRPA
2.23909017371905e-09	1.03539240365043	0.044	0.023	4.33734157551117e-05	c14	IFI6
2.28645916132113e-09	1.76594543270506	0.012	0.004	4.42910004139515e-05	c14	UNG
2.44174135983753e-09	2.38261679315355	0.007	0.001	4.72989718814128e-05	c14	SDC4
2.48294507163656e-09	1.77848688169444	0.013	0.004	4.80971289826718e-05	c14	SMCO4
2.92025842252887e-09	0.813399404271583	0.058	0.034	5.65683259028068e-05	c14	TAP1
3.01720814524277e-09	1.25187281908031	0.023	0.01	5.84463389814978e-05	c14	TBC1D4
3.63204829508675e-09	1.20143267429656	0.026	0.011	7.03564075241254e-05	c14	UQCC2
3.66354491235905e-09	1.57812720479034	0.015	0.005	7.09665284973071e-05	c14	CD38
4.00101201027599e-09	0.406622256164342	0.222	0.173	7.75036036510563e-05	c14	HSP90AB1
4.04610404251167e-09	0.836296699283393	0.051	0.029	7.83770814074935e-05	c14	CSK
4.22558141263683e-09	0.835326749210547	0.051	0.029	8.1853737544188e-05	c14	CMTM6
4.23419113537869e-09	0.981737356871368	0.039	0.02	8.20205164834206e-05	c14	ANP32A
4.64153330877502e-09	2.16991776802095	0.008	0.002	8.9911141724281e-05	c14	GCSAM
4.71562049829916e-09	0.927040488759822	0.043	0.023	9.1346284672553e-05	c14	GPI
5.06721899527093e-09	2.96115302471528	0.005	0.001	9.81570991573932e-05	c14	CD177
5.31179911895237e-09	2.89076369682388	0.004	0	0.000102894860733226	c14	SERPINF1
5.63017690510548e-09	2.21269179171124	0.007	0.002	0.000109062156828798	c14	CFP
5.9069506230187e-09	0.411037832312783	0.225	0.176	0.000114423540518495	c14	IL2RG
5.93435130352761e-09	1.92318517451625	0.01	0.003	0.000114954319100633	c14	RFC2
5.96552685911978e-09	1.83361978972027	0.011	0.003	0.000115558220788009	c14	CDCA4
6.05045631915431e-09	4.26713957573362	0.003	0	0.000117203389358338	c14	MYL9
6.88567757307982e-09	0.555538779323058	0.109	0.074	0.000133382460268129	c14	SPOCK2
7.38318950259576e-09	0.662478316192917	0.079	0.05	0.000143019763854782	c14	SEPT6
7.91488974506635e-09	1.02489231019933	0.034	0.017	0.00015331932925168	c14	HSPB11
8.37999736862748e-09	4.32372310409998	0.002	0	0.000162328929027683	c14	KIF15
8.44322008913874e-09	1.00101538474572	0.036	0.018	0.000163553616346707	c14	SEC11C
8.47787177285833e-09	1.50814767523741	0.015	0.005	0.000164224854112039	c14	SERPINA1
8.91990698970416e-09	0.586969686570808	0.1	0.067	0.000172787518297559	c14	LAT
9.00140773208950e-09	1.46004457531276	0.025	0.011	0.000174366269178306	c14	MARCKSL1
9.15125262045847e-09	2.20381364036479	0.007	0.002	0.000177268914510901	c14	AHCY
9.30343040191982e-09	0.762179490762464	0.059	0.035	0.000180216750315589	c14	ANXA11
1.02037322607085e-08	0.993689959575565	0.035	0.018	0.000197656497622185	c14	SUMO3
1.063678928611e-08	1.21241352089528	0.024	0.01	0.000206045245261236	c14	HNRNPD
1.10543075156479e-08	1.21798916084344	0.024	0.01	0.000214132990885615	c14	GTF3C6
1.16731023828884e-08	1.07455135164794	0.03	0.015	0.000226119666258931	c14	NUDT21
1.23059749808496e-08	2.64565119898735	0.005	0.001	0.000238379041354037	c14	CD19
1.24569483626028e-08	1.58225611769884	0.015	0.005	0.000241303546731979	c14	NGFRAP1
1.30015922137521e-08	0.502218544277553	0.128	0.09	0.000251853842772593	c14	SLC25A6
1.46622737697696e-08	2.4361978333584	0.006	0.001	0.000284022905194206	c14	WDR76
1.54240525973536e-08	0.803466292766643	0.055	0.032	0.000298779322863336	c14	PDCD1
1.5826949232921e-08	3.90868560482114	0.002	0	0.000306583833590912	c14	FCRL4
1.5879805604333e-08	3.18621958035005	0.002	0	0.000307607714361534	c14	TACSTD2
1.62693239531059e-08	2.66379854569761	0.005	0.001	0.000315153074295615	c14	FPR1
1.94641271597538e-08	0.881295606789634	0.044	0.024	0.000377039607211591	c14	ARPC4
2.02754069102288e-08	1.91629878893102	0.009	0.003	0.000392754907258042	c14	LYRM4
2.17470974760933e-08	2.52012031690349	0.005	0.001	0.000421263025209403	c14	SWAP70
2.22366784528234e-08	2.38512364876413	0.006	0.001	0.000430746698309641	c14	PLD4
2.25582116960682e-08	1.44850472881001	0.017	0.006	0.000436975118764538	c14	GBP1
2.40315520897987e-08	3.4232587776509	0.003	0	0.00046551519553149	c14	KYNU
2.62864466068609e-08	1.09215903686529	0.028	0.013	0.000509194757221502	c14	VOPP1
2.78692438777458e-08	1.26482941504641	0.021	0.009	0.000539855123155815	c14	STOML2
2.91600625077196e-08	4.90868560482114	0.001	0	0.000564859570837036	c14	MELK
2.91600625077196e-08	4.90868560482114	0.001	0	0.000564859570837036	c14	PYCR1
2.91600625077196e-08	4.90868560482114	0.001	0	0.000564859570837036	c14	CLIC2
2.91600625077196e-08	4.90868560482114	0.001	0	0.000564859570837036	c14	PADI2
2.91793825420077e-08	4.4232587776509	0.001	0	0.000565233819221231	c14	EMCN
3.1643782038761e-08	1.32752467425984	0.019	0.008	0.00061297170187284	c14	SMC3
3.1694264653701e-08	1.1676039021827	0.024	0.011	0.000613949600606843	c14	LIMS1
3.22290164635568e-08	0.708222477336516	0.066	0.041	0.000624308277915558	c14	NOP10
3.62102336944963e-08	3.32372310409998	0.003	0	0.000701428436896088	c14	MGLL
3.84208870203406e-08	1.190502695938	0.023	0.01	0.000744251002471018	c14	MAP2K3
3.89690018932054e-08	4.18621958035005	0.002	0	0.000754868535673282	c14	EGLN3
3.89690018932054e-08	4.18621958035005	0.002	0	0.000754868535673282	c14	ASGR1
3.96420178326456e-08	1.15077675068243	0.026	0.012	0.000767905527436177	c14	TMEM167A
3.97073527013939e-08	3.71965178043112	0.002	0	0.000769171129178701	c14	PRKCDBP
4.07694898615767e-08	0.576746333642128	0.093	0.063	0.000789745788108602	c14	EZR
5.54066371913967e-08	1.14401708186509	0.024	0.011	0.00107328196903455	c14	ADSL
5.65863786729368e-08	3.92411564539075	0.004	0.001	0.00109613474127346	c14	CXCL10
5.67391120674923e-08	0.823253558640246	0.046	0.026	0.00109909333985939	c14	SRSF10
5.70283962111055e-08	1.38217485869126	0.017	0.007	0.00110469706300533	c14	PAFAH1B3
6.06733810616782e-08	1.03844628790989	0.029	0.014	0.00117530406454577	c14	ETFB
6.33342944270241e-08	0.829734263426318	0.045	0.025	0.00122684861734588	c14	SSBP1
6.36164828610531e-08	0.987439716235552	0.019	0.008	0.00123231488950146	c14	CCL20
7.15286929059752e-08	0.831223072497253	0.052	0.031	0.00138558231028164	c14	TCEA1
7.5240955295276e-08	1.25196043479989	0.023	0.01	0.00145749254502479	c14	MX1
8.70629064103307e-08	1.82802794147592	0.009	0.003	0.00168649556007452	c14	HIST1H2BJ
8.87958932489861e-08	3.02674136634285	0.003	0	0.00172006524812611	c14	HIST1H2AH
9.18436380455326e-08	1.80587479923737	0.01	0.003	0.00177910311258001	c14	HIST1H2AG
9.19366680934131e-08	3.64565119898735	0.002	0	0.0017809051976375	c14	PRR11
9.23136988587791e-08	2.68629318348469	0.004	0.001	0.00178820866059341	c14	HCK
1.11292364316692e-07	0.816139863277575	0.045	0.026	0.00215584438917864	c14	C14orf166
1.21711554919047e-07	2.66582908092498	0.004	0.001	0.00235767453033687	c14	FCGR2B
1.25336184456846e-07	1.67463026595911	0.011	0.003	0.00242788722911357	c14	TRMT5
1.2892279869897e-07	0.890201352228612	0.044	0.025	0.00249736353359775	c14	CCND2
1.40740953275026e-07	3.38931144572756	0.003	0	0.00272629300589054	c14	SDPR
1.46437843707771e-07	2.18621958035005	0.006	0.001	0.00283664747046323	c14	RAB31
1.48823860119394e-07	2.52591195471325	0.005	0.001	0.00288286699437279	c14	CD36
1.53822269198556e-07	0.593354867750978	0.079	0.052	0.00297969117664522	c14	ATP5D
1.62454161988263e-07	0.676024848030865	0.064	0.04	0.00314689957187465	c14	NDUFB9
1.76313979165647e-07	0.744963700592439	0.05	0.03	0.00341537809041776	c14	C4orf48
1.935083829992e-07	0.623430382244198	0.074	0.049	0.0037484508870775	c14	ARF5
1.99916636040434e-07	0.796993868964288	0.045	0.026	0.00387258515673924	c14	PSMA1
2.06237293963085e-07	2.26482941504642	0.006	0.001	0.00399502262135891	c14	CCDC88A
2.14671522116663e-07	1.51954242983752	0.013	0.005	0.00415840205492187	c14	FAM89B
2.18985704954935e-07	0.613884687956642	0.075	0.05	0.00424197209068204	c14	RGS10
2.39129209173172e-07	0.320503656840933	0.229	0.184	0.00463217191089351	c14	PSME1
2.41054732768929e-07	0.856634527864643	0.04	0.023	0.00466947122846693	c14	PPP4C
2.49396105981437e-07	0.751803640854426	0.05	0.03	0.00483105196896642	c14	SUMO1
2.58419671884448e-07	1.88136499882163	0.008	0.002	0.00500584746407365	c14	ACOT7
2.76246949628442e-07	1.0526192682903	0.026	0.013	0.00535117966125255	c14	TMEM14C
2.92572683405093e-07	0.779652426830975	0.048	0.029	0.00566742545024005	c14	DCXR
3.01998035960132e-07	1.3274270728634	0.018	0.008	0.00585000395458372	c14	BCAS4
3.39465388127628e-07	2.02674136634285	0.009	0.003	0.00657578403342028	c14	HIST1H3H
3.74204225014731e-07	4.64565119898734	0.001	0	0.00724871004276036	c14	ADIRF
3.74309923411306e-07	4.64565119898734	0.001	0	0.00725075752640042	c14	PC
3.74309923411306e-07	4.64565119898734	0.001	0	0.00725075752640042	c14	RAD54L
3.74309923411306e-07	4.64565119898734	0.001	0	0.00725075752640042	c14	SPATA6
3.74309923411306e-07	4.64565119898734	0.001	0	0.00725075752640042	c14	DEPDC1
3.74309923411306e-07	4.64565119898734	0.001	0	0.00725075752640042	c14	NREP
3.76809731298098e-07	0.674451570840175	0.058	0.037	0.00729918130497546	c14	TOMM5
3.93897531514517e-07	0.955265145510177	0.034	0.019	0.00763018908296771	c14	SAMHD1
4.06034262563566e-07	1.10581807375585	0.023	0.011	0.00786528970011885	c14	NCF4
4.19048305557339e-07	1.31283478795725	0.016	0.007	0.00811738472695122	c14	PFKP
4.37329262205202e-07	2.02674136634285	0.007	0.002	0.00847150513817696	c14	TUBG1
4.5357628272416e-07	2.42842048276668	0.005	0.001	0.0087862261726497	c14	IL18
4.58152149529765e-07	3.94521148084625	0.002	0	0.00887486528854108	c14	RAC3
4.58152149529765e-07	3.94521148084625	0.002	0	0.00887486528854108	c14	PNOC
4.58152149529765e-07	3.94521148084625	0.002	0	0.00887486528854108	c14	HK3
4.59109850077233e-07	2.29772789556704	0.005	0.001	0.00889341690584608	c14	NAGA
5.11922961910978e-07	0.772822439452461	0.045	0.026	0.00991645969517756	c14	NDUFS6
5.31129808264778e-07	1.59728817742595	0.011	0.004	0.010288515515897	c14	POU2F2
5.85759051547932e-07	0.847946446963461	0.037	0.021	0.011346738587535	c14	NDUFA7
6.0409598336453e-07	0.849480015422418	0.037	0.021	0.0117019432937543	c14	HNRNPM
6.25230825792428e-07	3.14315085845816	0.003	0	0.0121113463264251	c14	INCENP
6.35063703576851e-07	1.82622344462917	0.008	0.002	0.0123018190019872	c14	SCCPDH
6.38907481950605e-07	0.548847134190112	0.081	0.055	0.0123762768328652	c14	ARF6
6.71166916245164e-07	0.376662070015932	0.167	0.129	0.0130011743345851	c14	SNRPD2
6.7668045381345e-07	2.39772368554376	0.005	0.001	0.0131079770708203	c14	MCM4
6.8133359306386e-07	0.843953911791668	0.036	0.02	0.01319811303124	c14	EIF4E
6.90309595437055e-07	0.939763916006584	0.03	0.016	0.0133719871732112	c14	CCT7
6.99094992910949e-07	1.81425080296309	0.008	0.002	0.013542169107678	c14	GSTM1
7.00635791945043e-07	2.53017398156741	0.004	0.001	0.0135720159257674	c14	SLC1A4
7.17873436227721e-07	2.08870307443579	0.006	0.002	0.0139059263331672	c14	DPP3
7.61717841527427e-07	1.70870336952265	0.009	0.003	0.0147552363082278	c14	PEA15
7.69249852640708e-07	0.586757509933778	0.072	0.048	0.0149011388955031	c14	NEDD8
7.86303859768811e-07	0.803406807546626	0.043	0.025	0.0152314920675816	c14	AURKAIP1
8.23947791908703e-07	1.00506519204285	0.026	0.013	0.0159606926770635	c14	CCT3
8.64611984147007e-07	2.71491386142446	0.003	0	0.0167483987449117	c14	APOD
8.78642237451367e-07	2.51179545225256	0.004	0.001	0.0170201787816704	c14	NCF2
8.91629025160601e-07	1.23190239567707	0.017	0.007	0.017271745846386	c14	IL21R
9.31577521267984e-07	1.60334039412938	0.01	0.003	0.0180455881644821	c14	POTEE
9.38881427097472e-07	0.934156292337258	0.03	0.016	0.0181870721243051	c14	RNF187
9.42889655186269e-07	6.38261679315355	0.001	0	0.0182647155106132	c14	UGT2B7
9.42889655186269e-07	6.2306136997085	0.001	0	0.0182647155106132	c14	SYT8
9.42889655186269e-07	6.2306136997085	0.001	0	0.0182647155106132	c14	RAMP3
9.42889655186269e-07	6.55254179459587	0.001	0	0.0182647155106132	c14	ALDOB
9.43130603352575e-07	5.64565119898734	0.001	0	0.0182693829175427	c14	SLC25A27
9.43130603352575e-07	5.64565119898734	0.001	0	0.0182693829175427	c14	LOC102724233
9.43130603352575e-07	5.64565119898734	0.001	0	0.0182693829175427	c14	SH2D4A
9.43130603352575e-07	5.64565119898734	0.001	0	0.0182693829175427	c14	SLC45A3
9.43130603352575e-07	5.64565119898734	0.001	0	0.0182693829175427	c14	C10orf11
9.43130603352575e-07	5.64565119898734	0.001	0	0.0182693829175427	c14	MAPK10
9.43130603352575e-07	5.64565119898734	0.001	0	0.0182693829175427	c14	RAB42
9.43130603352575e-07	5.64565119898734	0.001	0	0.0182693829175427	c14	CD1B
9.43130603352575e-07	5.64565119898734	0.001	0	0.0182693829175427	c14	RAB7B
9.43130603352575e-07	5.64565119898734	0.001	0	0.0182693829175427	c14	MARC1
9.43130603352575e-07	5.64565119898734	0.001	0	0.0182693829175427	c14	KCNMB1
9.43130603352575e-07	5.64565119898734	0.001	0	0.0182693829175427	c14	PROC
9.43130603352575e-07	5.64565119898734	0.001	0	0.0182693829175427	c14	SLC28A3
9.43130603352575e-07	5.64565119898734	0.001	0	0.0182693829175427	c14	DDC
9.43130603352575e-07	5.64565119898734	0.001	0	0.0182693829175427	c14	RBPMS2
9.43130603352575e-07	5.64565119898734	0.001	0	0.0182693829175427	c14	AKR7A3
9.43130603352575e-07	5.64565119898734	0.001	0	0.0182693829175427	c14	LOC101929506
9.43130603352575e-07	5.64565119898734	0.001	0	0.0182693829175427	c14	MEIS3
9.43130603352575e-07	5.64565119898734	0.001	0	0.0182693829175427	c14	HAGLROS
9.43130603352575e-07	5.64565119898734	0.001	0	0.0182693829175427	c14	ECSCR
9.43130603352575e-07	5.64565119898734	0.001	0	0.0182693829175427	c14	SPARCL1
9.43130603352575e-07	5.64565119898734	0.001	0	0.0182693829175427	c14	C1orf185
9.43130603352575e-07	5.64565119898734	0.001	0	0.0182693829175427	c14	PALMD
9.43130603352575e-07	5.64565119898734	0.001	0	0.0182693829175427	c14	S100A1
9.43130603352575e-07	5.64565119898734	0.001	0	0.0182693829175427	c14	RFPL2
9.43130603352575e-07	5.64565119898734	0.001	0	0.0182693829175427	c14	MID1IP1-AS1
9.43130603352575e-07	5.64565119898734	0.001	0	0.0182693829175427	c14	SLC7A10
9.43130603352575e-07	5.64565119898734	0.001	0	0.0182693829175427	c14	TP53TG5
9.43130603352575e-07	5.64565119898734	0.001	0	0.0182693829175427	c14	MIOX
9.43130603352575e-07	5.64565119898734	0.001	0	0.0182693829175427	c14	GSTA2
9.43130603352575e-07	5.64565119898734	0.001	0	0.0182693829175427	c14	LOC101927532
9.43130603352575e-07	5.64565119898734	0.001	0	0.0182693829175427	c14	PRODH2
9.43130603352575e-07	5.64565119898734	0.001	0	0.0182693829175427	c14	NAT8
9.43130603352575e-07	5.64565119898735	0.001	0	0.0182693829175427	c14	SLC22A8
9.43130603352575e-07	5.64565119898734	0.001	0	0.0182693829175427	c14	ELTD1
9.43371610797035e-07	5.06068869826619	0.001	0	0.0182740514727494	c14	FABP1
9.43371610797035e-07	5.13107802615759	0.001	0	0.0182740514727494	c14	GSTA1
9.43371610797035e-07	5.06068869826619	0.001	0	0.0182740514727494	c14	RBP5
9.43371610797035e-07	5.2306136997085	0.001	0	0.0182740514727494	c14	HPD
9.43371610797035e-07	5.2306136997085	0.001	0	0.0182740514727494	c14	BHMT
9.4637970266666e-07	1.89969682159389	0.01	0.003	0.0183323212203559	c14	CRIP2
9.82808524391479e-07	2.26318156216493	0.006	0.001	0.0190379839259873	c14	IGFL2
1.07819203902962e-06	0.72917455454963	0.047	0.029	0.0208856579880428	c14	NDUFA2
1.11252201832551e-06	1.25932007127432	0.02	0.009	0.0215506640169834	c14	CD9
1.14075125428296e-06	1.56592400651661	0.011	0.004	0.0220974925467151	c14	GCA
1.18038589074663e-06	0.925007910123073	0.03	0.016	0.022865255089653	c14	NDUFB6
1.24499157937385e-06	0.764095335088325	0.044	0.026	0.0241167318840509	c14	ZNF706
1.24959502841476e-06	3.83829627692974	0.002	0	0.0242059052954223	c14	ASB13
1.24959502841476e-06	3.83829627692974	0.002	0	0.0242059052954223	c14	HIST1H1A
1.24959502841476e-06	3.83829627692974	0.002	0	0.0242059052954223	c14	POLE2
1.29965099057107e-06	1.00873661863147	0.025	0.012	0.0251755393383523	c14	CISD3
1.5391357982959e-06	2.62328338595889	0.004	0.001	0.0298145995487899	c14	VDR
1.71092384570294e-06	3.03684195631182	0.005	0.001	0.0331423058151116	c14	HIST1H2AB
1.76055069155653e-06	1.08749749488831	0.021	0.01	0.0341036274461415	c14	CCT2
1.9211312539552e-06	1.05961566360096	0.025	0.013	0.0372142335203662	c14	LAIR2
1.95395991314402e-06	0.849707053849316	0.034	0.019	0.0378501574775128	c14	DCK
2.0322286344359e-06	0.881013186336586	0.034	0.019	0.0393663008776579	c14	AQP3
2.09079042708449e-06	0.977584455620747	0.026	0.013	0.0405007013630536	c14	CCT8
2.18251343101876e-06	0.416902971508446	0.134	0.101	0.0422774676722643	c14	GMFG
2.2306560660895e-06	3.02116033407955	0.003	0	0.0432100386562197	c14	LOC102724362
2.3789989651697e-06	0.830954301588575	0.035	0.02	0.0460835889543022	c14	XRCC5
2.55820800116179e-06	4.4232587776509	0.001	0	0.049555047190505	c14	ADAMDEC1
2.55820800116179e-06	4.4232587776509	0.001	0	0.049555047190505	c14	DNM3
2.55820800116179e-06	4.4232587776509	0.001	0	0.049555047190505	c14	LINC00880
2.55820800116179e-06	4.4232587776509	0.001	0	0.049555047190505	c14	NFE2
