p_val	avg_log2FC	pct.1	pct.2	p_val_adj	cluster	gene
0	1.36725525093121	0.8	0.399	0	c1	RPS5
0	1.31736106223824	0.82	0.426	0	c1	RPL5
0	1.34462064730423	0.812	0.432	0	c1	RPLP0
0	1.54131213844574	0.625	0.252	0	c1	EEF1B2
0	1.30179216616285	0.889	0.523	0	c1	RPS13
0	1.32609602212832	0.655	0.291	0	c1	RPL22
0	1.32138532352038	0.826	0.465	0	c1	RPS6
0	1.25727436677138	0.708	0.348	0	c1	RPL9
0	1.18614682753555	0.867	0.508	0	c1	RPL18
0	1.45247295424147	0.913	0.56	0	c1	RPS8
0	1.15450025199918	0.888	0.539	0	c1	RPL29
0	1.09492835609585	0.852	0.509	0	c1	RPL8
0	1.15848991392414	0.857	0.525	0	c1	RPL3
0	1.10050754760116	0.904	0.574	0	c1	RPL36
0	1.24757937816717	0.627	0.299	0	c1	RPL10A
0	1.05333189087305	0.825	0.498	0	c1	RPL14
0	1.30355378754856	0.925	0.6	0	c1	RPS3A
0	1.26036754773177	0.639	0.314	0	c1	RPSA
0	1.04789242879347	0.866	0.548	0	c1	RPS25
0	1.06968145774438	0.912	0.595	0	c1	RPL12
0	1.05371523567873	0.882	0.569	0	c1	RPL35A
0	1.11175485041878	0.874	0.562	0	c1	RPL37
0	1.03779418200137	0.682	0.375	0	c1	RPS9
0	0.96596416070342	0.788	0.483	0	c1	RPL6
0	1.08735271142864	0.624	0.32	0	c1	GNB2L1
0	1.64961125006266	0.456	0.153	0	c1	LTB
0	1.05024667485501	0.625	0.329	0	c1	NACA
0	1.39561157288905	0.498	0.204	0	c1	RPL4
0	0.89772686686694	0.743	0.456	0	c1	RPLP2
0	0.939789222971233	0.655	0.371	0	c1	RPL24
0	1.4914165586445	0.451	0.168	0	c1	EEF1G
0	0.838184946079719	0.853	0.575	0	c1	RPS7
0	0.962674702117485	0.92	0.644	0	c1	RPS21
0	1.11732611737128	0.919	0.643	0	c1	RPS23
0	1.13067069955274	0.953	0.677	0	c1	RPL18A
0	1.05383133143682	0.578	0.303	0	c1	RPS16
0	0.857105149728461	0.824	0.551	0	c1	RPL7A
0	0.869038216000944	0.659	0.396	0	c1	RPL15
0	1.00923360219657	0.891	0.633	0	c1	RPS14
0	1.05148778666765	0.941	0.689	0	c1	RPS4X
0	1.060049814262	0.831	0.58	0	c1	TPT1
0	0.838625798295939	0.64	0.392	0	c1	RPL23A
0	0.810157918535315	0.868	0.624	0	c1	RPL26
0	0.800949822387013	0.913	0.67	0	c1	RPS15
0	0.679572711318695	0.818	0.576	0	c1	FAU
0	1.14928182705236	0.958	0.717	0	c1	RPL34
0	1.15752157995258	0.974	0.735	0	c1	RPL11
0	1.10372449810676	0.944	0.706	0	c1	RPS18
0	1.0511224381336	0.961	0.728	0	c1	RPL19
0	0.747452075489277	0.63	0.398	0	c1	RPL35
0	0.968681201346374	0.944	0.716	0	c1	RPS27A
0	0.961437262394501	0.511	0.284	0	c1	RPS2
0	0.692473779816587	0.766	0.545	0	c1	RPS29
0	0.967663368093027	0.494	0.274	0	c1	RPL21
0	1.2982930576126	0.381	0.162	0	c1	EEF2
0	1.2139360403284	0.976	0.763	0	c1	RPL32
0	0.886109195695698	0.46	0.257	0	c1	RPL27
0	0.837861013448784	0.95	0.747	0	c1	RPS3
0	0.918085201411278	0.436	0.238	0	c1	RPL38
0	1.05024123459839	0.404	0.208	0	c1	RPL36A
0	0.784457279850596	0.495	0.299	0	c1	RPL37A
0	0.752377975848218	0.951	0.755	0	c1	RPS19
0	1.36486325457714	0.322	0.128	0	c1	LRRC75A-AS1
0	1.66925326598269	0.278	0.089	0	c1	LDHB
0	0.788274157341857	0.447	0.264	0	c1	UBA52
0	1.18170614243276	0.353	0.17	0	c1	PABPC1
0	0.709180048682195	0.472	0.295	0	c1	EEF1D
0	0.969444186084805	0.975	0.799	0	c1	RPL30
0	1.08783457797054	0.981	0.815	0	c1	RPL13
0	0.983843081996223	0.973	0.81	0	c1	RPL39
0	0.454386468631504	0.758	0.601	0	c1	RPS24
0	1.13408343388011	0.984	0.831	0	c1	RPS12
0	0.838032480926889	0.976	0.827	0	c1	RPS15A
0	1.03892478685658	0.283	0.141	0	c1	NPM1
0	0.66695298188257	0.388	0.248	0	c1	PFDN5
0	0.564179968291259	0.396	0.26	0	c1	IL7R
0	0.879446007659574	0.287	0.157	0	c1	RPL31
0	0.779127399922223	0.313	0.185	0	c1	BTF3
0	0.755987865701822	0.312	0.186	0	c1	TOMM7
0	1.07134782141228	0.972	0.848	0	c1	EEF1A1
0	0.687646370329679	0.978	0.854	0	c1	RPL28
0	0.809661277202345	0.276	0.158	0	c1	HINT1
0	1.04516370810006	0.22	0.107	0	c1	RPL7
0	0.957954155388028	0.986	0.876	0	c1	RPL10
0	0.879913940245523	0.979	0.871	0	c1	RPLP1
0	2.08648295126845	0.128	0.031	0	c1	NOSIP
0	1.28285256419639	0.15	0.062	0	c1	GLTSCR2
0	1.4029366379999	0.142	0.054	0	c1	EIF3E
0	1.56557383958319	0.132	0.045	0	c1	GAS5
0	1.58784659329943	0.119	0.04	0	c1	SELL
0	0.604856340864099	0.988	0.914	0	c1	RPS27
0	0.636385701456141	0.99	0.94	0	c1	RPL41
0	2.15481313892951	0.052	0.012	0	c1	MAL
2.82116050768259e-290	1.67677697343841	0.063	0.02	5.46487001943194e-286	c1	CCR7
1.01456588671301e-287	0.920665595930958	0.201	0.111	1.96531557915178e-283	c1	RPL17
2.6953101707606e-275	0.739217146558763	0.246	0.146	5.22108533178036e-271	c1	RPL13A
2.5066910748654e-255	1.89535158300905	0.045	0.012	4.85571128112176e-251	c1	TCF7
5.99355976157719e-230	0.585377491329484	0.318	0.214	1.16101246141512e-225	c1	HNRNPA1
2.92122614766114e-219	1.73464665609793	0.046	0.014	5.65870717063439e-215	c1	LEF1
1.13534955031665e-210	0.639114880789922	0.25	0.16	2.19928561391838e-206	c1	RPL27A
1.21319415124171e-202	0.662262807594659	0.228	0.143	2.35007839037031e-198	c1	RPS11
1.06081749143295e-184	0.580419052949502	0.263	0.176	2.05490956265477e-180	c1	COX7C
6.127056827297e-164	1.30188710913958	0.058	0.024	1.1868721780157e-159	c1	PRKCQ-AS1
4.05345631613331e-160	1.1345232511898	0.073	0.033	7.85195022998183e-156	c1	EIF3L
2.13026979694066e-157	1.57707985439889	0.04	0.013	4.12654562365375e-153	c1	PASK
3.49168828974583e-148	0.286490005998308	0.55	0.44	6.76374938606665e-144	c1	FXYD5
1.83666485441562e-145	1.06330489779656	0.075	0.036	3.5578034894885e-141	c1	FLT3LG
4.30377650936315e-144	0.73428645554897	0.143	0.086	8.33684547628736e-140	c1	SLC25A6
1.77544155730095e-143	1.17179230665427	0.062	0.027	3.43920784064767e-139	c1	TMEM123
2.22606096866326e-139	0.526079393565261	0.243	0.169	4.31210270239761e-135	c1	COX4I1
4.02109751330117e-133	0.914408524289702	0.093	0.05	7.78926799301569e-129	c1	RPSAP58
5.69436970199885e-133	0.952241221081823	0.084	0.043	1.1030563549742e-128	c1	EIF3H
1.17794393474366e-132	0.83945427106737	0.12	0.07	2.28179519599194e-128	c1	RPS18P9
1.51472691837132e-128	0.414270358331215	0.342	0.26	2.93417751357708e-124	c1	SARAF
1.35458031073791e-127	0.977570228617382	0.085	0.045	2.6239575199304e-123	c1	SOCS3
1.19422622966469e-112	0.739139124511247	0.113	0.068	2.31333562948347e-108	c1	EIF3F
5.74728487037718e-103	1.19116771215566	0.042	0.018	1.11330655224076e-98	c1	AQP3
5.48895733583131e-101	0.657624193606208	0.125	0.079	1.06326592552388e-96	c1	SNHG6
2.36135892296327e-99	0.770597401951107	0.095	0.056	4.57418836967216e-95	c1	RPS14P3
5.00616424809789e-97	0.707206253333013	0.112	0.07	9.69744076499042e-93	c1	RPL21P28
1.08910860499513e-92	0.474344692739739	0.206	0.149	2.10971227873607e-88	c1	COMMD6
1.48765449426368e-90	0.826682208728243	0.075	0.042	2.88173552083818e-86	c1	EIF4B
1.16625594881917e-88	1.28647800439149	0.032	0.013	2.25915439845761e-84	c1	MYC
1.89060199539176e-86	0.461228110514648	0.198	0.143	3.66228512527338e-82	c1	C12orf57
1.80794956213437e-85	1.88837797175464	0.015	0.004	3.50217909681048e-81	c1	LOC102724246
2.58039408909223e-78	0.772709505626392	0.072	0.042	4.99848138998057e-74	c1	SMDT1
4.67360124917755e-72	0.494616327651556	0.139	0.097	9.05323297978184e-68	c1	SNHG8
9.45388993387526e-69	0.324764173340189	0.28	0.223	1.83131301909098e-64	c1	RPL36AL
2.85186825271577e-63	0.468824683018121	0.146	0.106	5.52435399233571e-59	c1	EIF3K
1.45023012219444e-59	0.50780686158529	0.121	0.085	2.80924076970285e-55	c1	UQCRB
3.02377864486416e-58	0.984295042241259	0.035	0.018	5.85736161296637e-54	c1	RSL1D1
1.45769487502096e-57	0.950866711428535	0.037	0.019	2.8237007424031e-53	c1	EIF2S3
1.892217926519e-57	0.731495688510293	0.06	0.036	3.66541534545996e-53	c1	NSA2
8.23836086811729e-56	0.4316384544933	0.152	0.113	1.595852883763e-51	c1	PCED1B-AS1
2.98062475341508e-55	0.515402854185978	0.108	0.075	5.77376820984035e-51	c1	RPL23
3.77207650297989e-55	0.643590119995005	0.072	0.046	7.30688939392235e-51	c1	UXT
6.69947490459943e-55	0.87958288383729	0.033	0.017	1.29775528376995e-50	c1	CD79A
2.13711353248488e-54	1.53064167597027	0.014	0.005	4.13980262377647e-50	c1	USP10
1.12561905958303e-53	0.91164471232219	0.041	0.023	2.18043668031828e-49	c1	RPS4Y1
3.70266699453243e-52	0.594586708009097	0.08	0.053	7.17243623510877e-48	c1	AES
9.6846301009589e-50	1.67898395553191	0.011	0.004	1.87600969685675e-45	c1	TAF4B
1.6498469442337e-48	0.787824232715187	0.035	0.019	3.19591851567511e-44	c1	MS4A1
1.48759233552002e-45	1.63289937434608	0.01	0.003	2.88161511313583e-41	c1	SH3YL1
2.75831052873594e-42	0.375268726229787	0.147	0.113	5.34312332521439e-38	c1	SNRPD2
1.48432668034421e-41	1.22054305310427	0.017	0.007	2.87528921249476e-37	c1	FXYD1
1.8712198019362e-41	1.55034928385212	0.011	0.004	3.62473987833061e-37	c1	VPREB3
1.23868200502495e-40	0.605236987760775	0.06	0.039	2.39945091193382e-36	c1	ATP5O
5.21770958418873e-40	0.389674216947727	0.155	0.122	1.0107225235532e-35	c1	CD37
1.00338430080167e-39	0.673483725520471	0.048	0.03	1.94365572908291e-35	c1	ST13
7.29816611358051e-36	0.581585259573496	0.059	0.04	1.41372775786168e-31	c1	NME2
1.71932645100217e-35	0.337170336103589	0.142	0.112	3.3305072682363e-31	c1	ZFAS1
1.94818044561354e-35	0.104804839833401	0.721	0.676	3.77382034119799e-31	c1	TMSB10
3.9476898905667e-35	0.588116733665779	0.05	0.033	7.64707008701676e-31	c1	BIRC3
1.4379519864913e-34	0.266228091514939	0.221	0.184	2.78545679303231e-30	c1	PCBP2
2.13405783666389e-34	0.437651214102429	0.089	0.065	4.13388343540162e-30	c1	SERP1
2.32727842518201e-32	0.592675072554401	0.049	0.033	4.50817103742007e-28	c1	RNASET2
2.57542835940129e-31	0.407515015124682	0.086	0.064	4.98886227499623e-27	c1	KLF2
1.57114666587787e-29	0.839242660840537	0.023	0.013	3.04346820647203e-25	c1	CCR6
5.2959266150473e-27	1.03831638298697	0.015	0.007	1.02587394460081e-22	c1	C1orf228
7.613500674187e-27	0.959545289372735	0.016	0.008	1.47481121559676e-22	c1	SESN3
8.21828201917495e-27	1.0284998135249	0.014	0.007	1.59196340993438e-22	c1	IMPDH2
1.27862864678648e-26	0.853631512913857	0.02	0.011	2.47683155169009e-22	c1	LPAR6
2.70897915885612e-24	1.10654033454158	0.011	0.005	5.24756352862019e-20	c1	SMIM14
9.54109222976666e-24	0.461809165996821	0.058	0.042	1.8482049758281e-19	c1	ANP32B
3.24127863449956e-23	0.49546624555125	0.05	0.035	6.2786808428891e-19	c1	ARHGAP15
2.51125088595417e-22	1.0415360891628	0.012	0.006	4.86454409118181e-18	c1	FXYD7
8.26028163724078e-22	0.582209173970226	0.034	0.023	1.60009915594991e-17	c1	CCDC109B
5.57550560220303e-21	0.333576555587751	0.093	0.074	1.08003119020275e-16	c1	SSR2
6.56722999890849e-21	0.271017274168287	0.161	0.136	1.27213812308856e-16	c1	LOC101929876
1.16357902903515e-20	0.658574718350354	0.026	0.017	2.25396893714399e-16	c1	TMEM243
1.711313236365e-20	0.653785647159355	0.025	0.016	3.31498487016264e-16	c1	ICAM2
2.44393353685372e-20	0.55413343531956	0.035	0.024	4.73414365423935e-16	c1	RPL19P12
1.76213556329599e-19	0.582400088721012	0.03	0.02	3.41343279966066e-15	c1	ALKBH7
7.04061278870267e-19	0.312347236548763	0.091	0.073	1.36383710329959e-14	c1	APRT
1.13065384312467e-18	0.278996179376132	0.113	0.093	2.19018955951679e-14	c1	GSTK1
1.43838941444817e-18	0.62840124141475	0.025	0.016	2.78630413472755e-14	c1	TRADD
4.58103763886614e-18	0.643072744900588	0.023	0.015	8.87392801024761e-14	c1	FBL
1.45088190025896e-17	0.102934578668859	0.456	0.425	2.81050332899162e-13	c1	FTH1
7.45529683998873e-17	0.906168321245748	0.011	0.006	1.44416555087422e-12	c1	LDLRAP1
2.81317215631944e-16	0.74750150282283	0.016	0.009	5.44939578400638e-12	c1	THEM4
3.41539166227354e-15	0.393011981499106	0.048	0.036	6.61595518899007e-11	c1	FAIM3
5.63497050733651e-15	0.416694162215912	0.044	0.033	1.09155013697616e-10	c1	TOMM20
6.76149814542062e-15	0.61745773698181	0.021	0.014	1.30976980574943e-10	c1	RASGRP2
1.89643327403977e-14	0.740048232006866	0.014	0.008	3.67358089514244e-10	c1	TESPA1
2.08749653044313e-14	0.636713633172469	0.019	0.012	4.04368952912138e-10	c1	TNFRSF25
5.59443158821812e-14	0.367371800462696	0.051	0.04	1.08369734295373e-09	c1	PIK3IP1
5.7633496690166e-14	0.382356061405471	0.046	0.035	1.1164184643852e-09	c1	PIM1
7.79388063712523e-14	0.563102753872379	0.022	0.015	1.50975261821753e-09	c1	DGKA
8.29524062064536e-14	0.224172098315416	0.119	0.101	1.60687106062521e-09	c1	CCNI
3.52683236206815e-13	0.297643689356177	0.067	0.054	6.83182696856222e-09	c1	RPS17
9.58903744311648e-13	0.299534348158523	0.07	0.057	1.85749244310609e-08	c1	HNRNPA1P10
9.90953129070282e-13	0.242561351566576	0.098	0.083	1.91957530632204e-08	c1	GPSM3
1.42535624414419e-12	0.449543939041054	0.03	0.022	2.7610575805317e-08	c1	RPL13AP5
1.81357575539521e-12	0.196384428426274	0.13	0.113	3.51307759577606e-08	c1	SLC2A3
2.96484411406061e-12	0.784437657056002	0.01	0.006	5.74319953334682e-08	c1	FBLN7
3.68387924598617e-12	0.526859220520617	0.021	0.014	7.13604248739981e-08	c1	PPA1
3.85024808598376e-12	0.288127841202348	0.069	0.056	7.45831556735915e-08	c1	ERP29
7.46949994149031e-11	0.628006658811293	0.014	0.009	1.44691683366609e-06	c1	SATB1
7.91404852154740e-11	0.411488783472415	0.03	0.022	1.53303033910895e-06	c1	RPS10
2.53326288211699e-10	0.320717814602927	0.046	0.036	4.90718352894882e-06	c1	NDFIP1
5.07532970222052e-10	0.593652839478231	0.015	0.01	9.83142116617138e-06	c1	OSM
5.5158974859245e-09	0.523688915328498	0.016	0.011	0.000106848450199844	c1	APEX1
6.38031963720898e-09	0.427523880277366	0.023	0.017	0.000123593171692375	c1	ABHD14B
6.59996075521388e-09	0.256141603634603	0.057	0.048	0.000127847839789248	c1	RPS20
1.41550318247949e-08	0.263405974492013	0.045	0.036	0.000274197121478103	c1	PIM2
2.36981618375889e-08	0.566142394920191	0.013	0.008	0.000459057092955934	c1	S1PR1
3.04685500276557e-08	0.34547685071589	0.031	0.025	0.000590206282585719	c1	EIF3D
3.53200851875303e-08	0.308345499073153	0.035	0.028	0.000684185370167649	c1	CD55
4.71082297006127e-08	0.246763672980414	0.058	0.049	0.000912533517530568	c1	C19orf53
7.47001189062132e-08	0.495915513312348	0.014	0.01	0.00144701600333226	c1	NACA2
7.65167942824679e-08	0.273918645223763	0.046	0.038	0.00148220682204569	c1	OCIAD2
1.15918089626802e-07	0.264650121397208	0.462	0.484	0.00224544931416079	c1	RPS26
1.63641102796453e-07	0.292135010614243	0.04	0.032	0.00316989180227008	c1	RSL24D1
1.16951960935976e-06	0.533781383500832	0.011	0.007	0.022654764352908	c1	CHMP7
1.36410272190727e-06	0.208005658501788	0.063	0.055	0.0264240338260657	c1	CUTA
1.59105111083665e-06	0.529101862560963	0.011	0.008	0.0308202510680167	c1	NACAP1
2.22440702125995e-06	0.291710942755344	0.033	0.027	0.0430889884088266	c1	TNFAIP8
