p_val	avg_log2FC	pct.1	pct.2	p_val_adj	cluster	gene
0	5.12903333643147	0.935	0.136	0	c15	MT2A
0	5.58023012390989	0.5	0.037	0	c15	MT1X
0	5.65768779245462	0.236	0.011	0	c15	MT1E
0	3.08280335002175	0.228	0.03	0	c15	CST3
0	3.49571712378282	0.157	0.018	0	c15	IFI30
0	2.52932807748535	0.154	0.025	0	c15	LYZ
0	3.36156923137529	0.137	0.014	0	c15	AIF1
0	6.33289056263103	0.11	0.003	0	c15	MT1G
0	3.61181021677102	0.087	0.008	0	c15	SERPINA1
0	4.51478651810934	0.038	0.002	0	c15	LINC01272
3.40778344401893e-306	6.87126892050058	0.016	0	6.60121730940906e-302	c15	MT1M
2.12188365222117e-279	2.25857232944832	0.235	0.058	4.11030082271763e-275	c15	TYROBP
7.06280860332971e-263	3.48125312344841	0.075	0.008	1.368136654551e-258	c15	IL1B
6.02739963179448e-256	3.48222662975468	0.087	0.01	1.16756758267491e-251	c15	LST1
8.18482007930478e-255	3.16428169724642	0.077	0.008	1.58548149756213e-250	c15	MS4A7
3.6563961228179e-240	2.61313806685855	0.143	0.027	7.08280492951056e-236	c15	FCER1G
1.45399232252869e-236	3.81400723958586	0.047	0.003	2.81652852797033e-232	c15	C5AR1
4.17956581865417e-223	1.5001101267466	0.679	0.425	8.096236947315e-219	c15	FTH1
8.90700057681525e-217	3.40509322815679	0.084	0.011	1.72537508173488e-212	c15	MT1F
4.96006540411648e-216	2.34154932330172	0.149	0.032	9.60814269431403e-212	c15	PSAP
5.84541319949688e-215	2.13361703035806	0.218	0.061	1.13231499087454e-210	c15	GPX1
1.2242870185769e-192	3.09794677619652	0.058	0.006	2.37156638368531e-188	c15	CXCL2
9.19125575436567e-192	3.31707571298477	0.061	0.007	1.78043815217817e-187	c15	PLAUR
1.34745081164144e-178	2.91929043536353	0.072	0.01	2.61014696723063e-174	c15	FCN1
2.89218228194959e-178	3.12714270832636	0.06	0.007	5.60244629836455e-174	c15	CD68
1.27534511653171e-172	2.9562776005786	0.063	0.008	2.47047102523357e-168	c15	C1QB
6.55373662404855e-170	3.01709773566764	0.064	0.008	1.26952432144444e-165	c15	C1QA
1.09630399207884e-167	4.11301797356178	0.035	0.003	2.12365046305593e-163	c15	C15orf48
1.86098776773432e-167	2.36708083858912	0.102	0.02	3.60491940487815e-163	c15	NPC2
8.52037320010516e-164	1.76151180438875	0.313	0.131	1.65048149259237e-159	c15	SAT1
2.27338272760577e-158	2.86448479569231	0.062	0.008	4.40376968164514e-154	c15	C1QC
5.36978152721984e-158	3.23327735278908	0.048	0.005	1.04018037963776e-153	c15	CD163
1.70060413703674e-152	1.60136811503719	0.563	0.365	3.29424027385386e-148	c15	FTL
1.17338916841399e-151	4.23739681929848	0.027	0.002	2.27297215813474e-147	c15	EREG
2.59083108976298e-151	2.52013663447983	0.066	0.01	5.01869890397987e-147	c15	CXCL8
1.02579851517978e-145	4.13505161216074	0.033	0.003	1.98707430375475e-141	c15	THBS1
4.56656411584023e-143	2.27115821404033	0.098	0.021	8.84589134879411e-139	c15	CTSS
5.78643397725434e-137	2.30959563886086	0.092	0.019	1.12089012573394e-132	c15	NAMPT
6.74189554449963e-137	3.02153378390651	0.046	0.006	1.30597258592502e-132	c15	MAFB
1.26174811769218e-125	2.16172741749409	0.108	0.026	2.44413227878152e-121	c15	IER3
5.29105528628433e-122	2.54268606059792	0.067	0.012	1.02493031950614e-117	c15	MS4A6A
6.73150298094746e-120	2.26796353559433	0.095	0.022	1.30395944243933e-115	c15	HLA-DRB1
1.35135964724264e-115	3.50918369914124	0.042	0.005	2.61771877267372e-111	c15	G0S2
5.3614276718184e-114	1.80366431031298	0.081	0.017	1.03856215430794e-109	c15	S100A9
8.09676191651893e-114	3.0829858893431	0.048	0.007	1.56842375084888e-109	c15	SEPP1
1.76725304299366e-113	4.0715879263284	0.02	0.001	3.42334586958302e-109	c15	OLR1
2.24109445247697e-110	3.09820150215405	0.039	0.005	4.34122406389314e-106	c15	CFD
4.2830597143127e-109	2.7918217835121	0.05	0.008	8.29671497259513e-105	c15	FGL2
1.92404016168425e-108	3.13961411685132	0.033	0.004	3.72705819719857e-104	c15	CXCL3
2.14704426788152e-107	2.42066709777743	0.089	0.021	4.15903945131329e-103	c15	TIMP1
5.94971379460379e-104	1.89550835919102	0.077	0.017	1.1525190591527e-99	c15	S100A8
1.43970008337666e-103	3.3651713955218	0.031	0.003	2.78884303150893e-99	c15	PDK4
1.68486646747997e-102	3.03959003624031	0.038	0.005	3.26375483415546e-98	c15	MRC1
1.91353803128428e-102	2.41670939923477	0.072	0.016	3.70671452040077e-98	c15	BCL2A1
6.93264029781551e-90	4.29319861096683	0.013	0.001	1.34292175208984e-85	c15	MMP19
1.06449076240704e-83	2.90995171944355	0.033	0.005	2.06202505585868e-79	c15	NLRP3
2.99379778068541e-83	2.48116932297164	0.045	0.008	5.7992856809657e-79	c15	CD14
2.6277786300289e-81	2.04288343053747	0.079	0.021	5.09026998422898e-77	c15	CTSB
2.2199605813894e-80	2.88262670973021	0.039	0.006	4.30028564220941e-76	c15	RNASE1
2.37056852722443e-80	3.15647682391491	0.026	0.003	4.59202829408644e-76	c15	CFP
4.26400321741018e-79	4.68684434936316	0.012	0.001	8.25980063244525e-75	c15	FN1
7.10889355390589e-77	3.8052858066607	0.016	0.001	1.37706377032711e-72	c15	VEGFA
7.77584132157071e-77	3.20003629179455	0.023	0.002	1.50625822240146e-72	c15	ACSL1
7.26156686788257e-74	2.10589938128807	0.074	0.02	1.40663811797753e-69	c15	SOD2
7.68193205727259e-74	3.04746427022111	0.025	0.003	1.48806705881427e-69	c15	SPI1
1.19904348557535e-72	3.04552926497549	0.025	0.003	2.32266713590801e-68	c15	CXCL16
1.61222776614514e-72	3.01959166745768	0.027	0.003	3.12304640579976e-68	c15	DAB2
4.44323004964367e-72	5.56677371996097	0.012	0.001	8.60698092916475e-68	c15	SPP1
2.18417655767217e-70	1.18049168333837	0.196	0.09	4.23096840986677e-66	c15	GABARAP
2.22126093454756e-70	3.41933279983804	0.019	0.002	4.30280455631207e-66	c15	A2M
1.96465932263015e-69	3.0144504739618	0.025	0.003	3.80574157386686e-65	c15	CSF1R
3.6039386771666e-69	1.86649526102138	0.081	0.024	6.98118961153942e-65	c15	SGK1
4.15795688149654e-67	2.96356301261216	0.025	0.003	8.05437827514695e-63	c15	TMEM176B
3.68520463832424e-64	3.30578379427873	0.018	0.002	7.13860990489789e-60	c15	THBD
7.25224085430839e-64	3.19956474577274	0.019	0.002	1.40483157588808e-59	c15	RAB31
1.83108237689179e-63	2.3520393852396	0.049	0.011	3.5469896722771e-59	c15	ZFAND5
1.98252189157702e-63	3.23059164139337	0.019	0.002	3.84034315617384e-59	c15	RNF144B
2.02995149912851e-62	2.85312655658187	0.026	0.004	3.93221904896184e-58	c15	F13A1
2.70377200435075e-62	2.34456893623159	0.035	0.006	5.23747674962784e-58	c15	KLF4
6.84928160514387e-60	3.40356968587969	0.015	0.001	1.32677433973242e-55	c15	TMEM176A
3.34203248148497e-59	2.2424636988905	0.042	0.009	6.47385111988454e-55	c15	GRN
1.48718184539154e-58	1.74103863166283	0.094	0.033	2.88081995270795e-54	c15	HLA-DQB1
1.86950320297396e-58	1.18804599589612	0.414	0.283	3.62141465448085e-54	c15	CD74
3.38453196243864e-58	4.31985897949045	0.013	0.001	6.55617686443989e-54	c15	APOE
5.98382296949293e-58	3.72499148315143	0.012	0.001	1.15912634742048e-53	c15	IL1RN
5.99104231940574e-57	3.37598385420779	0.015	0.001	1.16052480769209e-52	c15	LILRB2
1.71578564792059e-56	2.92141799074231	0.021	0.003	3.32364837858697e-52	c15	MS4A4A
1.32021435230428e-54	2.86730144195061	0.024	0.004	2.55738722184861e-50	c15	FOLR2
6.06732980074307e-54	3.2958135055238	0.015	0.001	1.17530245570194e-49	c15	SLC1A3
2.48742030327614e-53	1.93266946516473	0.099	0.038	4.8183818694762e-49	c15	ISG15
2.77364669864936e-53	3.02775509998549	0.019	0.002	5.37283101995368e-49	c15	FCGR2A
1.1764333633273e-52	1.17586967340011	0.241	0.136	2.27886906810131e-48	c15	IFITM3
6.58963295533238e-51	3.33050622368996	0.015	0.002	1.27647779977744e-46	c15	CLEC10A
1.76984235923801e-50	2.88953193522749	0.02	0.003	3.42836163407996e-46	c15	LOC100509457
1.87645239763424e-50	2.84752989575454	0.021	0.003	3.63487593945728e-46	c15	GPR34
1.97463082505785e-50	1.21387133630656	0.132	0.058	3.82505737121957e-46	c15	RHOB
1.06231187571566e-49	1.91975492484941	0.066	0.021	2.05780433444881e-45	c15	IFI6
1.1797873209421e-49	0.99998766005631	0.229	0.128	2.28536601939695e-45	c15	S100A11
1.20726784524577e-49	2.6193086209842	0.024	0.004	2.33859854302558e-45	c15	LGALS2
1.71573421442621e-49	4.3570670499611	0.011	0.001	3.32354874676501e-45	c15	APOC1
2.03202826305096e-49	2.86466435373963	0.023	0.004	3.93624194835601e-45	c15	WARS
7.86558917945345e-49	2.30858786715543	0.031	0.006	1.52364327995193e-44	c15	CYBB
4.63869789191977e-48	0.508497506624864	0.558	0.414	8.9856216864378e-44	c15	ZFP36
5.63692088333875e-48	1.30394449012708	0.112	0.047	1.09192794431155e-43	c15	CDKN1A
5.82864996074449e-48	2.74590725958176	0.021	0.003	1.12906778389582e-43	c15	KCTD12
1.85665613736455e-47	2.50189812413093	0.026	0.005	3.59652860368887e-43	c15	STAB1
3.31050979116623e-46	2.6811777198281	0.019	0.003	6.4127885164681e-42	c15	CPVL
1.96794575571675e-45	3.10931956509891	0.015	0.002	3.81210772339892e-41	c15	GSN
1.46041684336643e-44	1.76276204887903	0.055	0.017	2.8289734672851e-40	c15	CH25H
9.34614265294809e-44	3.106767376646	0.014	0.002	1.81044129330257e-39	c15	FAM26F
1.23432921888076e-43	1.38847339098272	0.083	0.032	2.39101912989392e-39	c15	CD83
2.21741361176302e-43	0.673762099666674	0.376	0.254	4.29535190734615e-39	c15	DUSP2
2.8712725312156e-43	3.0208809642987	0.016	0.002	5.56194202021774e-39	c15	MARCKS
3.24708503413023e-43	3.24409147187249	0.013	0.001	6.28992841961367e-39	c15	CLEC4E
6.92626862109779e-43	1.57823337673591	0.063	0.021	1.34168749459285e-38	c15	HLA-DMA
1.13122931035193e-42	0.646916574684879	0.362	0.241	2.19130429708272e-38	c15	NFKBIA
4.53201383307644e-42	2.82999938222177	0.021	0.004	8.77896399605237e-38	c15	LGMN
1.0373484132693e-41	1.52342991638398	0.046	0.013	2.00944761134396e-37	c15	VCAN
3.98249285631841e-41	3.34346187879388	0.012	0.001	7.71448691197439e-37	c15	FPR1
5.590662751407e-41	2.14053528004589	0.038	0.01	1.08296728157505e-36	c15	MX1
3.32726707339469e-40	2.52957757079179	0.021	0.004	6.44524904787285e-36	c15	ETS2
5.18564089273906e-40	2.36783547414647	0.025	0.005	1.00451049733248e-35	c15	LGALS9
1.41860752783518e-39	1.84438562634964	0.045	0.013	2.74798464216953e-35	c15	C1orf162
2.79986555032585e-39	0.893355550632086	0.209	0.12	5.4236195575362e-35	c15	GADD45B
5.42995518775184e-39	2.83385495885747	0.017	0.003	1.05183661941941e-34	c15	MT1L
6.83726595595844e-39	0.848479205132264	0.357	0.254	1.32444678832871e-34	c15	S100A6
7.66733076771133e-39	2.80855352049461	0.016	0.002	1.48523864301336e-34	c15	LYVE1
8.62967979968083e-39	1.5314581207529	0.071	0.027	1.67165527399617e-34	c15	GLUL
2.10051714655204e-37	2.14866790070415	0.028	0.006	4.06891176458595e-33	c15	FGR
3.94605805591626e-37	2.84363597965005	0.015	0.002	7.64390906011539e-33	c15	SLCO2B1
6.92483892000293e-37	2.43566096974204	0.021	0.004	1.34141054719377e-32	c15	CLEC7A
3.88446724835461e-36	1.79460687515453	0.041	0.012	7.52460150678772e-32	c15	NINJ1
5.23431557820858e-36	0.44642956790638	0.647	0.53	1.01393927065478e-31	c15	JUNB
8.24262894663908e-36	0.872796814927576	0.181	0.102	1.59667965325346e-31	c15	NR4A1
9.91970887357997e-36	1.91737831441975	0.034	0.009	1.92154680590118e-31	c15	ATP1B3
2.08227567244662e-35	2.14394590820854	0.03	0.007	4.03357620509636e-31	c15	FCGRT
3.33893959088692e-34	1.90892587854435	0.04	0.012	6.46785988150705e-30	c15	INSIG1
1.26656296853391e-33	1.66060449676284	0.103	0.049	2.45345912634703e-29	c15	AREG
2.16134867844477e-32	1.35956868929243	0.065	0.026	4.18674852501536e-28	c15	TYMP
3.70735001172197e-32	2.88745434824152	0.013	0.002	7.18150770770663e-28	c15	PLTP
3.77600212463082e-32	0.933376631165754	0.135	0.071	7.31449371562236e-28	c15	ATP6V0C
7.95782663603386e-32	1.99916132820935	0.029	0.007	1.54151059766612e-27	c15	PLSCR1
1.04790897277994e-31	2.38495400771234	0.019	0.004	2.02990447117202e-27	c15	CSTA
1.25588243074159e-31	3.06302591282498	0.01	0.001	2.43276985658953e-27	c15	IFIT3
2.6586742854351e-31	2.54458555473851	0.018	0.003	5.15011795831634e-27	c15	HMOX1
3.27622227418629e-31	2.05270510714726	0.025	0.006	6.34637016732626e-27	c15	ELL2
2.45441827120673e-30	1.77612710215885	0.039	0.012	4.75445363315455e-26	c15	NR4A3
3.43024127759808e-30	1.28213388188139	0.09	0.042	6.64472037883524e-26	c15	HLA-DRB4
4.66529143032595e-30	1.91885931361189	0.03	0.008	9.0371360296844e-26	c15	ASAH1
7.94259583048663e-30	3.06302591282498	0.01	0.001	1.53856023832357e-25	c15	RAB20
2.40277324026448e-29	2.81409170403604	0.012	0.002	4.65441204371633e-25	c15	LYN
4.88063962327161e-29	0.629598326073437	0.339	0.245	9.45428701423943e-25	c15	IER2
1.96880806066987e-28	1.71203739215907	0.044	0.015	3.81377809432361e-24	c15	PLIN2
7.70376204621353e-28	2.12664201212095	0.022	0.005	1.49229574597202e-23	c15	HLA-DMB
3.90858017166253e-27	2.21597783566358	0.021	0.005	7.57131065052749e-23	c15	OAS1
6.83562452534828e-27	2.84331893865528	0.011	0.002	1.32412882680521e-22	c15	NCF2
1.83338895929318e-26	0.994175959528862	0.114	0.061	3.55145775304681e-22	c15	RGS2
4.75953331630532e-26	2.12023911823963	0.021	0.005	9.21969198701504e-22	c15	MNDA
5.1330169390347e-26	2.14623432677257	0.022	0.005	9.94316711260411e-22	c15	PECAM1
2.4202911601646e-25	3.60374194237457	0.01	0.001	4.68834600635485e-21	c15	IGFBP7
4.3282220635284e-25	2.4467932615302	0.014	0.003	8.38419895926086e-21	c15	CPM
5.38017426071867e-25	1.613490218868	0.037	0.012	1.04219355604381e-20	c15	FOSL2
1.41742198089545e-24	2.49216360914867	0.012	0.002	2.74568811919259e-20	c15	PTGS2
1.44988961124904e-24	2.37732068280991	0.012	0.002	2.80858116595051e-20	c15	C3
2.83118530074336e-24	1.10788708827418	0.079	0.038	5.48428904606997e-20	c15	H3F3C
2.83674351209869e-24	1.49716794610943	0.039	0.014	5.49505585728637e-20	c15	TKT
5.70322069255794e-24	2.47466812906719	0.014	0.003	1.1047708803554e-19	c15	HBEGF
6.1195444052262e-24	0.765818005960039	0.169	0.105	1.18541694673637e-19	c15	COTL1
6.17420412135684e-24	0.307869447401817	0.751	0.68	1.19600508034803e-19	c15	TMSB10
3.35554037759225e-23	0.434729866743401	0.376	0.285	6.50001726543395e-19	c15	SERF2
7.89676324972694e-23	2.40296541569666	0.013	0.002	1.52968200910461e-18	c15	TGFBI
8.90963354966923e-23	0.851028662850908	0.114	0.063	1.72588511490643e-18	c15	GPX4
1.96491225455161e-22	2.03896764131275	0.024	0.007	3.80623152829192e-18	c15	S100A12
2.97354821057729e-22	2.66874697371293	0.011	0.002	5.76006023870926e-18	c15	C3AR1
4.11977089004779e-22	0.988735856402958	0.11	0.062	7.98040819111157e-18	c15	HERPUD1
6.88999652130857e-22	0.521592942312268	0.355	0.273	1.33466122614268e-17	c15	SRGN
9.62388811228353e-22	2.25399332982918	0.014	0.003	1.86424336623044e-17	c15	SLC11A1
1.17494256742933e-21	2.41296838388194	0.013	0.003	2.27598124736735e-17	c15	IRS2
1.92430797233363e-21	1.39306882644423	0.041	0.016	3.72757697320747e-17	c15	PFKFB3
2.11453285840852e-21	0.650089498966124	0.141	0.085	4.09606160002314e-17	c15	EGR1
2.11612465575101e-21	1.36828855404807	0.041	0.016	4.09914507065528e-17	c15	MAT2A
2.92139891714336e-21	1.89709019509626	0.022	0.006	5.65904184239841e-17	c15	LTA4H
3.74047487745324e-21	0.940803456120617	0.093	0.05	7.24567388511467e-17	c15	GNG5
1.33797264739181e-20	2.65778755307153	0.01	0.002	2.59178681526267e-16	c15	EMR2
6.05076684384944e-20	2.53449306120591	0.01	0.002	1.17209404532207e-15	c15	ADM
1.19089150363475e-19	1.71335428527537	0.024	0.007	2.30687593169087e-15	c15	ICAM1
3.37266035622582e-19	1.11171685688827	0.059	0.028	6.53318037604504e-15	c15	C10orf54
3.38483621477077e-19	1.75241044245707	0.022	0.007	6.55676623163247e-15	c15	CTSH
3.91754575915535e-19	1.1069932624596	0.058	0.027	7.58867789005982e-15	c15	BCL3
4.39432315553789e-19	0.602061948433906	0.176	0.116	8.51224338459244e-15	c15	LGALS1
1.18368301607163e-18	2.52957757079179	0.01	0.002	2.29291237043236e-14	c15	CD300E
2.50891139316324e-18	1.82643517528555	0.02	0.006	4.8600122596965e-14	c15	TNFSF13B
3.22534318644887e-18	0.778368453615123	0.106	0.062	6.24781228647011e-14	c15	GSTP1
3.93394397260024e-18	1.64385622859653	0.025	0.008	7.62044286932393e-14	c15	GRINA
5.31453634703689e-18	1.08130097121955	0.059	0.028	1.02947883578452e-13	c15	REL
3.93523925211672e-17	1.09642268590141	0.047	0.022	7.62295195527529e-13	c15	IRF7
4.93798343431181e-17	0.836955554021803	0.088	0.05	9.5653677106054e-13	c15	ZNF331
5.00170575426071e-17	1.38571432132197	0.031	0.012	9.68880421657842e-13	c15	KLF10
7.80587311043092e-17	1.32392457431478	0.034	0.014	1.51207568022157e-12	c15	NFE2L2
9.0574473093417e-17	2.06524715274166	0.015	0.004	1.75451811829258e-12	c15	CTSL
1.07447667591723e-16	1.41166336792602	0.027	0.01	2.08136876891926e-12	c15	CEBPD
1.15547664954301e-16	0.961884161443921	0.074	0.04	2.23827381782976e-12	c15	LGALS3
1.1618006331068e-16	0.932557794865681	0.075	0.041	2.25052400639118e-12	c15	FKBP1A
1.41302433013911e-16	0.578418938515856	0.235	0.171	2.73716942991247e-12	c15	S100A10
2.2014753710514e-16	0.709261272282301	0.159	0.107	4.26447794126368e-12	c15	NR4A2
3.4316768230172e-16	1.60841390600529	0.022	0.007	6.64750117386663e-12	c15	TNFSF10
4.20317361494761e-16	0.433058875020408	0.503	0.453	8.14196760951501e-12	c15	FXYD5
5.0046697131862e-16	1.90115412747616	0.016	0.004	9.69454570141299e-12	c15	ATP6V1B2
5.65084299252565e-16	1.5043146596195	0.026	0.009	1.09462479608214e-11	c15	IFI35
1.37496765640638e-15	1.9995958530982	0.017	0.005	2.6634498472248e-11	c15	TWISTNB
1.46460244858325e-15	1.47963363153679	0.027	0.01	2.83708140315062e-11	c15	LOC646513
1.50833694109454e-15	0.819499665880397	0.091	0.054	2.92179948859423e-11	c15	TUBB4B
1.5868362225631e-15	0.530566017380399	0.1	0.06	3.07386044672697e-11	c15	TUBA1B
1.59918813396259e-15	0.271185132754765	0.564	0.486	3.09778733429893e-11	c15	EIF1
1.80085255684219e-15	0.818081963974079	0.088	0.052	3.48843148785901e-11	c15	TSPO
2.10598975584116e-15	0.838769544147997	0.082	0.047	4.07951275603992e-11	c15	CHMP1B
2.91503116740694e-15	2.08969386328706	0.015	0.004	5.64670687438399e-11	c15	SLC40A1
3.6410511554441e-15	1.79525669788115	0.016	0.005	7.05308019321077e-11	c15	BLVRB
6.85549417078406e-15	1.92605347505229	0.015	0.004	1.32797777582258e-10	c15	TRIB1
2.36258009770678e-14	1.53299908758871	0.022	0.008	4.5765539072678e-10	c15	CD9
4.25031356540065e-14	2.15084678734205	0.012	0.003	8.23328240753761e-10	c15	APP
5.40455062350904e-14	1.14648377981566	0.041	0.019	1.04691550127994e-09	c15	CEBPB
1.07874440614752e-13	1.7054600275305	0.016	0.005	2.08963578914835e-09	c15	LAP3
1.1091612360142e-13	0.630459257311537	0.22	0.167	2.14855623028311e-09	c15	ITM2B
2.25416502680065e-13	0.614813998151273	0.133	0.09	4.36654307341553e-09	c15	MCL1
2.67062242931962e-13	1.58658786888199	0.019	0.007	5.17326270783503e-09	c15	ARL5B
3.94136311351754e-13	0.451707666487794	0.297	0.237	7.63481448719482e-09	c15	IFITM2
4.7681901369686e-13	1.82095112562683	0.013	0.004	9.23646111432188e-09	c15	MPEG1
4.85614561299284e-13	1.12148952435535	0.037	0.017	9.40683966692842e-09	c15	PYCARD
6.05779734319433e-13	2.06391399844298	0.01	0.003	1.17345592335017e-08	c15	CUX1
6.14559201640974e-13	1.68793299979871	0.016	0.005	1.19046262949873e-08	c15	HLA-DRB6
7.71512992672133e-13	1.74300152840635	0.015	0.004	1.49449781810519e-08	c15	IFI44L
7.98493656156275e-13	0.43974113744554	0.411	0.346	1.54676206134032e-08	c15	GAPDH
8.12393542167618e-13	0.526437968812005	0.158	0.111	1.57368753053289e-08	c15	ALDOA
8.64274635187612e-13	1.38495400771234	0.023	0.009	1.67418639582192e-08	c15	NFKB1
1.00052416178829e-12	1.46973442790936	0.024	0.01	1.9381153538001e-08	c15	BNIP3L
1.78494911924304e-12	0.945662877959427	0.049	0.025	3.45762493888569e-08	c15	ANXA5
1.81325666733245e-12	1.57254821677455	0.019	0.007	3.51245949028968e-08	c15	GK
2.1886034433674e-12	0.61815318400537	0.096	0.061	4.239543730147e-08	c15	ATF3
2.4786165088544e-12	0.600085260711962	0.113	0.075	4.80132803930187e-08	c15	CCL3
4.00870070259014e-12	0.639739245728958	0.107	0.07	7.76525413098736e-08	c15	SOCS1
4.44349521892692e-12	1.99793088460309	0.01	0.003	8.60749458858334e-08	c15	CTSZ
7.38459402434644e-12	1.38931260631723	0.022	0.008	1.43046970845615e-07	c15	HSBP1
7.95891575006779e-12	0.694786265395146	0.083	0.051	1.54172156994563e-07	c15	NFKBIZ
1.12572668942652e-11	1.20347004576149	0.028	0.013	2.18064517008811e-07	c15	KDM6B
1.39630314078781e-11	1.70562155639379	0.014	0.004	2.70477881402006e-07	c15	RNF130
2.23956357150694e-11	0.648682183716218	0.099	0.065	4.33825859436609e-07	c15	PSME2
6.09291293936856e-11	1.16162931168052	0.033	0.016	1.18025816548508e-06	c15	FCGR3A
6.73384782975132e-11	1.80493224826145	0.012	0.004	1.30441366310113e-06	c15	RASGEF1B
6.98075075687587e-11	1.98798122419549	0.012	0.003	1.35224122911443e-06	c15	IL1R2
7.81734804562237e-11	0.948426562695288	0.043	0.023	1.51429848991751e-06	c15	ATP5EP2
9.54692648181338e-11	1.88375986468378	0.01	0.003	1.84933512879207e-06	c15	TBXAS1
1.03962642840963e-10	1.03938132809659	0.034	0.017	2.0138603544723e-06	c15	SMAP2
1.10645317708251e-10	0.683490254245473	0.099	0.066	2.14331044932653e-06	c15	LITAF
1.14951134712245e-10	1.89483739163899	0.011	0.003	2.22671843051091e-06	c15	SNX10
1.18787456953697e-10	0.711470139904748	0.132	0.094	2.30103182865006e-06	c15	LY6E
1.22132722568368e-10	0.664221440402486	0.084	0.053	2.36583296887186e-06	c15	LAMTOR4
1.26063513593004e-10	1.20030750056326	0.025	0.011	2.44197632181007e-06	c15	IRF2BP2
1.29211345840036e-10	1.24011632065207	0.025	0.011	2.50295298026734e-06	c15	UBE2S
1.50115586321258e-10	1.57343305607518	0.016	0.005	2.90788902262908e-06	c15	MFSD1
2.15299658441579e-10	2.1360197989234	0.01	0.003	4.17056968367184e-06	c15	ATP1B1
2.2966683607646e-10	1.61105039781221	0.014	0.005	4.4488762816371e-06	c15	LIPA
2.55334510563173e-10	0.775229617658638	0.065	0.039	4.94608480411922e-06	c15	ANXA2
2.57643786085025e-10	1.78432770288472	0.02	0.008	4.99081778025301e-06	c15	CCL20
2.71248557155821e-10	1.11716330634683	0.028	0.013	5.2543558006654e-06	c15	SYAP1
2.90621570153323e-10	0.868163009632763	0.05	0.028	5.62963043544002e-06	c15	SDCBP
3.02171550745736e-10	0.864598089451313	0.048	0.027	5.85336510949566e-06	c15	ATP6V0B
3.22232550456514e-10	1.31467712244139	0.02	0.008	6.24196673489313e-06	c15	APLP2
3.79213454502384e-10	0.610872771093194	0.091	0.059	7.34574382716569e-06	c15	SLC25A5
3.84501114212534e-10	0.751338152161032	0.064	0.039	7.44817108341099e-06	c15	BST2
4.26110264218186e-10	1.50712587770628	0.015	0.005	8.25418192817047e-06	c15	METRNL
4.5379660980999e-10	1.13119741546656	0.032	0.016	8.79049412862931e-06	c15	PLEK
4.84660636814542e-10	0.741676942200783	0.074	0.047	9.38836119573449e-06	c15	CSTB
4.94319408543569e-10	1.1719971663855	0.025	0.011	9.57546126289747e-06	c15	PER1
8.00330167771666e-10	1.39991844687697	0.017	0.007	1.55031956799049e-05	c15	PABPC4
8.35609725997172e-10	1.6281496664539	0.013	0.004	1.61865960022912e-05	c15	HERC5
1.02240696407291e-09	1.42535210833777	0.016	0.006	1.98050453010564e-05	c15	ATG3
1.36871728062212e-09	1.3678804943534	0.018	0.007	2.65134224429312e-05	c15	PPT1
1.84570402475008e-09	1.79383928000959	0.01	0.003	3.57531326634337e-05	c15	SLC25A37
2.21582708641274e-09	0.947304811533123	0.036	0.019	4.29227864909013e-05	c15	VAMP5
2.46653664109966e-09	0.911421891348417	0.038	0.02	4.77792812747414e-05	c15	LAPTM4A
2.49371642102894e-09	0.733103196946248	0.057	0.034	4.83057807917517e-05	c15	PRELID1
2.5416582644826e-09	0.499442874719647	0.127	0.091	4.92344622412924e-05	c15	TCEB2
2.81840334520208e-09	1.50880440615728	0.015	0.005	5.45952911999096e-05	c15	STX11
3.12793202339787e-09	0.296392589575368	0.365	0.312	6.05911712252402e-05	c15	ZFP36L2
3.83940186466544e-09	1.88525411136411	0.013	0.005	7.43730535204342e-05	c15	CRIP2
5.41679594569588e-09	1.22580884502327	0.023	0.011	0.000104928754264075	c15	DUSP6
5.42966918706708e-09	1.24241489406511	0.021	0.009	0.000105178121822676	c15	PLD3
5.6171141967874e-09	0.823785100239881	0.047	0.027	0.000108809119105969	c15	SPNS1
5.85786679044426e-09	0.503028336618314	0.117	0.084	0.000113472737597696	c15	YBX1
5.8866480217876e-09	0.360702708205474	0.216	0.17	0.000114030258830048	c15	BTG2
6.11340614720677e-09	1.39247197699636	0.016	0.006	0.000118422790477542	c15	CAPNS1
6.74122200845364e-09	1.51676996194702	0.015	0.006	0.000130584211525755	c15	GBP1
7.19702117744192e-09	0.678918240078012	0.121	0.088	0.000139413497228227	c15	ISG20
1.02383563085617e-08	1.16816792131014	0.022	0.01	0.000198327200053149	c15	PARP10
1.14645232261725e-08	0.744978403588185	0.053	0.032	0.000222079279414188	c15	RHOG
1.72676496164578e-08	0.841193145613691	0.043	0.024	0.000334491640720403	c15	ZNF706
1.91365918317282e-08	1.06849412546449	0.025	0.012	0.000370694920372406	c15	MARCKSL1
2.04690779828015e-08	1.58998281011057	0.011	0.004	0.000396506509604848	c15	CYSTM1
2.10154306549622e-08	1.27191789923503	0.018	0.007	0.000407089907217274	c15	CNIH4
2.67600832654526e-08	1.38495400771234	0.015	0.006	0.000518369572935083	c15	NCOA4
2.7601834223027e-08	1.422428713131	0.015	0.006	0.000534675130734256	c15	MAFF
2.98044055246519e-08	0.764467850555446	0.066	0.043	0.000577341139418031	c15	GPR183
3.01454898809671e-08	0.860495636333679	0.045	0.026	0.000583948284484213	c15	STAT1
3.19657266395966e-08	0.981293360370711	0.03	0.015	0.000619208090735625	c15	GNAI2
3.36355274454377e-08	1.20376988885534	0.02	0.009	0.000651553802145573	c15	HLA-DRB3
3.40678287683361e-08	0.958340531672127	0.031	0.016	0.000659927911071439	c15	AP2S1
3.71407315685586e-08	0.486237343549521	0.122	0.089	0.000719453111214548	c15	CALM2
3.84897545269321e-08	1.13272407702795	0.039	0.022	0.000745585034941201	c15	FABP5
4.49690814600095e-08	1.52861399290298	0.012	0.004	0.000871096076961843	c15	GCA
5.26207909749647e-08	1.14385698743802	0.02	0.009	0.00101931734197604	c15	JARID2
7.10758439691401e-08	0.633843860438936	0.062	0.04	0.00137681017352621	c15	CREM
7.20020042493859e-08	0.200391154676897	0.48	0.429	0.00139475082431485	c15	H3F3B
8.71444602038377e-08	0.174640162748179	0.658	0.619	0.00168807533860854	c15	RPS24
8.85698514689479e-08	0.666501430712876	0.06	0.038	0.00171568659280499	c15	SNHG9
9.27827198872896e-08	0.690947648994819	0.054	0.034	0.00179729406693669	c15	H2AFV
1.09626619552567e-07	0.974084142648724	0.025	0.013	0.00212357724735278	c15	THAP3
1.13979435303344e-07	0.524759209339493	0.095	0.067	0.00220789564126108	c15	SERP1
1.26870462413681e-07	1.51203784478026	0.011	0.004	0.00245760772741541	c15	RNU5A-1
1.49160006448632e-07	0.521673355451664	0.08	0.055	0.00288937848491644	c15	JUND
1.59986018115412e-07	1.28200770599877	0.015	0.006	0.00309908915691365	c15	RASD1
1.75706399151589e-07	1.18654044931033	0.018	0.008	0.00340360865796543	c15	EPSTI1
1.77743682009541e-07	0.213340853677582	0.461	0.411	0.00344307286420682	c15	SH3BGRL3
1.9222922664823e-07	1.08629569214782	0.021	0.01	0.00372367234940287	c15	SNHG17
2.11622292050704e-07	0.853035918360645	0.032	0.018	0.00409933541931418	c15	ZC3H12A
2.23541717980674e-07	1.28953444263366	0.013	0.005	0.00433022661900364	c15	IL10
2.44462782669309e-07	1.31761053969744	0.014	0.006	0.00473548856308719	c15	PRR7
2.6457518450572e-07	0.809597865395785	0.036	0.021	0.0051250858990603	c15	SERPINB1
2.77868837368824e-07	0.757092795945826	0.041	0.024	0.00538259724867149	c15	MGST3
2.82087116225215e-07	0.642904622147322	0.06	0.039	0.00546430952839865	c15	SNHG15
3.08701463317859e-07	0.688177503661833	0.05	0.032	0.00597985604593024	c15	UBE2L6
3.21904381272769e-07	0.831070622897	0.033	0.018	0.00623560976963481	c15	MAP3K8
3.25223687990706e-07	1.34959206482086	0.013	0.005	0.00629990806006797	c15	ID1
3.34554220711805e-07	1.03277441294467	0.022	0.011	0.00648064980940837	c15	GSTO1
3.45227090619406e-07	0.690565083918622	0.05	0.032	0.00668739397238851	c15	LOC100506248
3.6707811125865e-07	0.973775015790697	0.022	0.011	0.00711067009319132	c15	OSM
3.67322793365938e-07	1.71615991618771	0.01	0.004	0.00711540983029159	c15	MX2
3.80747184236596e-07	0.69741825230215	0.044	0.027	0.00737545370584711	c15	BHLHE40
4.13687780327565e-07	0.685496717284314	0.048	0.03	0.00801354599272526	c15	POMP
4.29947956534584e-07	1.475220662335	0.011	0.004	0.00832852186603143	c15	IFI44
4.97567617415558e-07	0.69817417071435	0.046	0.029	0.00963838231695677	c15	ARRB2
5.16425707382348e-07	0.951924936994762	0.025	0.013	0.0100036823777035	c15	TUBB2A
5.34311716051604e-07	1.38878586930337	0.012	0.005	0.0103501522516356	c15	EIF2AK2
5.38840858781218e-07	0.839727844854338	0.034	0.02	0.010437886275451	c15	H1FX
5.46959391969218e-07	1.17850313024491	0.016	0.007	0.0105951503818357	c15	CD81
5.49587278251003e-07	1.59522897967653	0.013	0.005	0.0106460551670002	c15	CYB5A
5.78121319302452e-07	0.681198292285996	0.054	0.035	0.0111987880762078	c15	BRE-AS1
5.92158276687251e-07	1.23433878839153	0.015	0.007	0.0114706979777087	c15	CD151
6.02281678646545e-07	0.679948313481603	0.048	0.03	0.0116667983970622	c15	TMBIM4
6.11279888186369e-07	1.03074950980122	0.022	0.011	0.0118411027140581	c15	CYB5R3
6.41169088618132e-07	1.40490861408798	0.012	0.005	0.0124200864156218	c15	SLC16A3
6.42328236769761e-07	0.754103527762378	0.041	0.024	0.012442540274467	c15	CMPK1
6.71989166421782e-07	0.453941839933326	0.112	0.083	0.0130171021427563	c15	TPI1
6.99666605751135e-07	0.86336420102019	0.03	0.017	0.0135532418200052	c15	CAPZA2
1.06795335340296e-06	0.871292124094297	0.028	0.016	0.0206873244087687	c15	ENY2
1.07399459111515e-06	1.03345279744163	0.022	0.011	0.0208043492244917	c15	MGAT1
1.09653321289789e-06	0.909672432801931	0.028	0.016	0.0212409448670451	c15	NCF1
1.11994560099501e-06	0.686729196308788	0.046	0.029	0.0216944662368742	c15	NAA38
1.33113141169324e-06	1.50645501276005	0.011	0.004	0.0257853465759097	c15	ANKRD37
1.33306901647786e-06	1.48001168389334	0.013	0.005	0.0258228799181925	c15	TSC22D1
1.33924242775577e-06	1.41004498867517	0.012	0.005	0.0259424650680571	c15	BID
1.39260000498215e-06	1.24714479585004	0.014	0.006	0.0269760546965093	c15	C20orf27
1.42819772066931e-06	1.40862291360597	0.011	0.004	0.0276656180470853	c15	PARP12
1.43918715631242e-06	0.793181666213704	0.059	0.039	0.0278784944049278	c15	LOC100996809
1.49435072054887e-06	0.795729480137023	0.033	0.019	0.0289470678077521	c15	RNH1
1.570478473841e-06	0.56242364469329	0.067	0.046	0.0304217385167741	c15	C4orf3
1.64025823204601e-06	0.249236962969215	0.28	0.237	0.0317734422129633	c15	MYL6
1.66982321712468e-06	1.46578508232538	0.01	0.004	0.0323461455389222	c15	NUDT16
1.74929484833457e-06	0.507704460044453	0.075	0.052	0.033885590507089	c15	ARL6IP4
1.77430059052268e-06	1.14473239358967	0.016	0.007	0.0343699767390149	c15	VMP1
1.95423276050546e-06	0.59887044421421	0.087	0.063	0.0378554428037513	c15	CTSD
2.08990668424308e-06	1.09754048375372	0.017	0.008	0.0404835823804727	c15	RNU4-2
