p_val	avg_log2FC	pct.1	pct.2	p_val_adj	cluster	gene
0	6.1506311422928	1	0.093	0	c10	RN7SK
0	2.49179528451261	0.115	0.023	0	c10	LYZ
0	2.14589282093473	0.121	0.03	0	c10	CST3
0	2.78056222247701	0.09	0.015	0	c10	S100A9
0	2.6275708793329	0.09	0.018	0	c10	IFI30
0	2.6712694557879	0.085	0.015	0	c10	S100A8
1.53823540251351e-306	2.63233267711048	0.069	0.011	2.97971579820892e-302	c10	VCAN
1.57817410303687e-302	2.74570921933791	0.061	0.009	3.05708105499272e-298	c10	FCN1
2.29655105104857e-287	2.90163000607783	0.053	0.007	4.44864904098618e-283	c10	SERPINA1
1.33932076576149e-278	2.61267458283808	0.073	0.014	2.59439825535658e-274	c10	AIF1
6.05431349066939e-271	0.588458252666161	0.733	0.538	1.17278106627757e-266	c10	RNR1
2.04282837959983e-246	0.635793028843147	0.903	0.803	3.95716285412283e-242	c10	RNR2
1.71005534679661e-231	2.25141011596321	0.082	0.019	3.31254821227971e-227	c10	CTSS
8.77505525402265e-196	1.97426530023722	0.102	0.031	1.69981595325673e-191	c10	PSAP
1.69026048106925e-187	2.65906372565725	0.051	0.01	3.27420357787925e-183	c10	LST1
5.43161598833039e-185	2.60081905290048	0.039	0.006	1.05215833309948e-180	c10	S100A12
1.19448056948328e-142	1.915218558489	0.063	0.017	2.31382831114606e-138	c10	CD79A
7.23714988709119e-136	3.00348189169218	0.022	0.003	1.40190830462843e-131	c10	SPI1
8.43956701444405e-133	1.50073038871446	0.134	0.058	1.63482852636796e-128	c10	TYROBP
2.57106933670694e-132	2.06656213129291	0.048	0.011	4.98041841213501e-128	c10	MS4A6A
2.44215868479885e-130	1.75195700047885	0.081	0.027	4.73070558832384e-126	c10	FCER1G
9.46235788018272e-130	2.67949746540964	0.028	0.004	1.83295334497019e-125	c10	MNDA
2.91010433779634e-128	2.4700149241052	0.032	0.006	5.6371631127453e-124	c10	CYBB
7.118112463602e-118	3.64749939359776	0.016	0.002	1.37884956532434e-113	c10	LINC01272
2.00303047919132e-109	1.2686754724432	0.387	0.281	3.88007034124151e-105	c10	CD74
4.93746021345654e-105	2.28085221285747	0.033	0.007	9.56435417948665e-101	c10	CD68
9.3074553727715e-100	2.67359749566689	0.021	0.003	1.80294718025957e-95	c10	MPEG1
5.01462826308081e-98	1.5513406568203	0.083	0.032	9.71383640841383e-94	c10	HLA-DQB1
6.66111669527898e-98	2.12338244809714	0.036	0.009	1.29032491504249e-93	c10	GRN
7.81430346291243e-98	1.73635785478761	0.059	0.019	1.51370872380077e-93	c10	MS4A1
2.51814099210022e-92	1.28309684945984	0.125	0.061	4.87789091579734e-88	c10	GPX1
5.22245824835815e-90	2.17122772168297	0.032	0.008	1.01164238728946e-85	c10	CD14
1.17217477924329e-89	2.58640004597391	0.02	0.003	2.27061976487217e-85	c10	CSTA
2.95639561768952e-87	2.50614074981533	0.02	0.004	5.72683395102637e-83	c10	LGALS2
8.40170250181642e-86	2.35775915779197	0.024	0.005	1.62749379162686e-81	c10	CFD
1.01228165745973e-84	3.18371866586617	0.012	0.001	1.96089079866524e-80	c10	LILRB2
2.30514796337412e-79	1.57659078376397	0.059	0.022	4.46530211985201e-75	c10	HLA-DRB1
3.87172162686094e-77	3.35151893195995	0.01	0.001	7.49991196339234e-73	c10	HCK
9.80206937847707e-76	1.95444970605365	0.03	0.007	1.89875885930479e-71	c10	FGL2
2.164847703224e-73	2.57483032589953	0.017	0.003	4.19352648591522e-69	c10	CFP
1.31119890409577e-70	2.73208401292375	0.014	0.002	2.53992339712392e-66	c10	CD36
3.82620952006962e-70	2.12076766963863	0.024	0.005	7.41175046132685e-66	c10	MAFB
7.13108466549688e-67	2.80299182150294	0.012	0.002	1.3813624105534e-62	c10	CSF3R
8.57196198091217e-66	2.37489816939865	0.018	0.004	1.6604747553225e-61	c10	CLEC7A
7.22249882976844e-62	1.58200340050651	0.04	0.013	1.39907024831444e-57	c10	TKT
1.08563256853352e-60	2.45766673185171	0.015	0.003	2.10297884850628e-56	c10	SLC11A1
2.82896114050836e-59	2.50234917065296	0.015	0.003	5.47998062527874e-55	c10	CPVL
4.45232534032872e-59	2.364465160562	0.016	0.003	8.62459941675077e-55	c10	CSF1R
5.03324708077615e-59	2.85002079403927	0.011	0.002	9.74990292017149e-55	c10	CD300E
5.25954362962257e-57	1.81630451567804	0.026	0.007	1.01882619649419e-52	c10	APLP2
1.33821780980298e-56	2.8862507629685	0.01	0.001	2.59226171936935e-52	c10	NCF2
2.27431558466707e-53	1.74639675218957	0.028	0.009	4.40557671905857e-49	c10	MS4A7
1.92140460799184e-52	0.306857635116638	0.592	0.514	3.72195286614098e-48	c10	COX3
1.90436342930942e-48	1.59496941982866	0.03	0.01	3.68894239891527e-44	c10	DUSP6
2.41324251795488e-44	1.24477148717565	0.046	0.02	4.6746920815304e-40	c10	NPC2
5.83045157268341e-44	1.92863699650711	0.019	0.005	1.1294167741445e-39	c10	MEF2C
8.46669413691538e-44	1.80561854111648	0.021	0.006	1.64008332126188e-39	c10	FGR
3.50419658642018e-43	2.45461518947293	0.011	0.002	6.78797920755453e-39	c10	CD93
5.2267048402559e-42	1.19534894212472	0.047	0.021	1.01246499460597e-37	c10	HLA-DMA
7.43701858230613e-41	2.38535252703582	0.011	0.002	1.44062486957852e-36	c10	MARCKS
8.79058778469184e-40	2.3487236050451	0.011	0.002	1.70282475977266e-35	c10	TGFBI
4.62324191841765e-39	1.63637870030073	0.022	0.007	8.95568192016684e-35	c10	FCGRT
1.01750908843478e-38	2.19463232601792	0.012	0.003	1.97101685520702e-34	c10	BACH1
1.49966338634618e-38	0.8408173814213	0.419	0.366	2.90499794569118e-34	c10	FTL
4.63543377627469e-38	1.71758037529404	0.02	0.006	8.9792987680217e-34	c10	CTSH
1.37031666692234e-37	1.93895085684764	0.015	0.004	2.65444041549526e-33	c10	C5AR1
2.1445588591689e-37	2.17008454013275	0.013	0.003	4.15422496609607e-33	c10	TMEM176B
3.3046475016385e-37	0.350171917252868	0.353	0.281	6.40143267542394e-33	c10	ND1
1.09143877597046e-36	1.58650910483373	0.021	0.007	2.11422605293237e-32	c10	IRF8
2.90215427139609e-36	1.57123048611889	0.022	0.007	5.62176303912136e-32	c10	PLAUR
1.8579945047978e-35	1.89992569986558	0.015	0.004	3.59912115524381e-31	c10	RNF130
2.6637295039886e-35	0.844000882560009	0.097	0.059	5.15991042217632e-31	c10	AHNAK
4.22385111842232e-35	1.67048426593461	0.022	0.007	8.18202200149588e-31	c10	NAPSB
3.93150555165146e-34	2.11190150525669	0.012	0.003	7.61571940410404e-30	c10	MARCH1
7.09176770864299e-34	2.26102439203362	0.01	0.002	1.37374632284123e-29	c10	LY86
5.68271859258131e-32	1.80476846682524	0.015	0.004	1.10079941856893e-27	c10	VPREB3
7.69683289191929e-31	1.72163591490025	0.016	0.005	1.49095349949369e-26	c10	LINC00926
6.0620220903514e-30	1.10234509743504	0.041	0.019	1.17427429912197e-25	c10	NAMPT
6.93704562107968e-30	1.54938200338461	0.017	0.005	1.34377510725934e-25	c10	G0S2
8.10309428306381e-30	0.365363140823086	0.309	0.246	1.56965039357229e-25	c10	ND2
1.18225298683323e-29	0.639072917423905	0.133	0.09	2.29014226079466e-25	c10	GABARAP
3.85421140270285e-29	1.71112268821758	0.016	0.005	7.4659929081757e-25	c10	HLA-DMB
1.1922896158192e-28	1.61808689259373	0.016	0.005	2.30958421480337e-24	c10	BANK1
6.18313648644871e-28	2.55688652494639	0.013	0.004	1.19773536878998e-23	c10	IGLL5
1.52236000599008e-26	1.83640924911565	0.012	0.003	2.94896356760338e-22	c10	LOC101927412
4.01716753998255e-26	0.913023914384081	0.07	0.041	7.7816552417002e-22	c10	HLA-DRB4
1.16890249986402e-25	1.57342487518839	0.016	0.006	2.26428103248658e-21	c10	POU2F2
2.13508795862078e-25	1.91650858406118	0.011	0.003	4.13587888464432e-21	c10	HMOX1
2.85280000806691e-25	1.43206256154581	0.018	0.006	5.52615889562641e-21	c10	KLF4
3.07111530539887e-24	1.84779289554546	0.011	0.003	5.94905745808816e-20	c10	KCTD12
9.93579314888159e-24	1.42187840306093	0.016	0.006	1.92466249086985e-19	c10	CD163
3.9219059891441e-23	1.42896539814943	0.021	0.008	7.59712409157103e-19	c10	C1QB
2.41068154145506e-22	1.96244678442364	0.01	0.003	4.66973121395259e-18	c10	RNASE6
4.42499114561915e-22	0.619092183209191	0.173	0.132	8.57165034817886e-18	c10	SAT1
1.2926512424373e-21	2.71331881625994	0.017	0.006	2.5039947217253e-17	c10	IGJ
2.20271726887684e-21	0.87484104175657	0.045	0.025	4.26688362154133e-17	c10	TYMP
3.67669911947373e-21	1.43661577496501	0.021	0.009	7.12213386433256e-17	c10	C1QA
4.12382506434084e-21	0.520016553026923	0.116	0.082	7.98826153213464e-17	c10	LCP1
4.60488345530649e-21	0.902504243967354	0.04	0.022	8.9201197412742e-17	c10	EVI2B
6.81666255334736e-21	1.00726616392987	0.039	0.021	1.32045570320892e-16	c10	CTSB
4.34803969409976e-20	1.72238751431339	0.01	0.003	8.42258769144065e-16	c10	CXCL16
1.4425030386787e-19	1.15930076311378	0.022	0.01	2.7942726362245e-15	c10	LINC00936
2.36995001494607e-19	1.5726310952284	0.012	0.004	4.59083017395204e-15	c10	ARHGAP24
5.32746790741794e-19	0.775882800422153	0.019	0.008	1.03198380834593e-14	c10	IL1B
3.90807033448663e-18	1.45393961229323	0.014	0.005	7.57032304493405e-14	c10	RALGPS2
4.30723024832123e-18	1.35170680908753	0.015	0.006	8.34353571402306e-14	c10	LTA4H
7.67214798915759e-18	0.828818434641181	0.022	0.01	1.48617178697972e-13	c10	CXCL8
1.17312781708678e-17	1.00318696757587	0.039	0.022	2.2724658944788e-13	c10	TIMP1
3.83968271984203e-17	0.143209415855708	0.659	0.609	7.43784939660599e-13	c10	ATP6
1.14504335747034e-16	0.67753327852913	0.061	0.039	2.21806348775579e-12	c10	MTRNR2L2
1.16601197170169e-16	1.24917440075245	0.016	0.007	2.25868179038334e-12	c10	AP1S2
1.31868883174411e-16	1.61535813248214	0.01	0.003	2.55443213597151e-12	c10	NUP214
1.39446808641874e-16	1.18837252487239	0.018	0.008	2.70122413020174e-12	c10	ASAH1
3.10232124014376e-16	1.23821724096183	0.016	0.007	6.00950647428248e-12	c10	PPT1
5.22569530105084e-16	0.435439082921034	0.159	0.124	1.01226943676656e-11	c10	CD37
6.29249045231517e-16	0.972438199649946	0.025	0.013	1.21891832551797e-11	c10	C1orf162
6.58060442418584e-16	0.218797618698782	0.423	0.376	1.27472888300904e-11	c10	ND4
7.48043156892059e-16	1.34322705136314	0.013	0.005	1.44903439921561e-11	c10	PECAM1
1.3506101907162e-15	1.47366094516348	0.011	0.004	2.61626700043634e-11	c10	PGD
6.22820308792879e-15	1.37981434349439	0.013	0.005	1.20646522016269e-10	c10	MRC1
8.61969894187303e-15	1.14212660228221	0.015	0.007	1.66972188203022e-10	c10	RNASE1
2.7339105833955e-14	1.49782725629423	0.018	0.009	5.29585819109542e-10	c10	C1QC
1.25643856410041e-13	0.333122297487191	0.189	0.154	2.4338471425189e-09	c10	LAPTM5
3.23968930984779e-13	1.37189026722926	0.012	0.005	6.27560216210616e-09	c10	STAB1
3.39748565594353e-13	0.848071801154786	0.027	0.015	6.58126946412821e-09	c10	GNAI2
3.46456452836215e-13	0.844253840561141	0.028	0.016	6.71120794789031e-09	c10	BCL2A1
4.27168725370423e-13	0.359357318502875	0.146	0.116	8.27468537915046e-09	c10	LGALS1
9.59778673486284e-13	1.06342443214846	0.016	0.008	1.85918726841028e-08	c10	CD79B
1.35561494508748e-12	1.39813868199166	0.01	0.004	2.62596171012896e-08	c10	FOLR2
1.52248623516384e-12	0.112176448780606	0.707	0.676	2.94920808613588e-08	c10	ND3
2.18905386726082e-12	1.10563040675992	0.015	0.007	4.24041624627093e-08	c10	SEPP1
3.15635724143546e-12	1.05796770979197	0.016	0.008	6.11417961238462e-08	c10	PTPRE
3.8718333500952e-12	1.20804799522791	0.013	0.006	7.5001283824694e-08	c10	SMIM14
8.90860992971932e-12	1.27788782966727	0.012	0.005	1.72568682948593e-07	c10	HLA-DRB6
9.17005808462793e-12	0.679573064489542	0.056	0.039	1.77633195157328e-07	c10	LOC100996809
3.60667696587604e-11	1.09699396484216	0.013	0.006	6.98649395059847e-07	c10	CECR1
4.39657210467898e-11	0.112680180055917	0.911	0.884	8.51659982397364e-07	c10	MALAT1
7.02963216476052e-11	1.15592651384485	0.012	0.006	1.36171004663576e-06	c10	TNFSF13B
5.03872287320338e-10	0.838941771754151	0.022	0.013	9.76051007768226e-06	c10	ATP2B1
8.40525521516124e-10	0.823659805637512	0.021	0.012	1.62818198772888e-05	c10	KLF10
8.74421323230441e-10	0.835375384263995	0.02	0.011	1.69384154522969e-05	c10	ZFAND5
1.26661252468784e-09	0.506367927997186	0.057	0.041	2.45355512157282e-05	c10	FLNA
2.52423099821314e-09	0.56331484754355	0.041	0.028	4.88968786663867e-05	c10	C10orf54
3.2179827028996e-09	0.39963338644784	0.08	0.061	6.23355429378681e-05	c10	RGS2
4.061545834054e-09	0.832811504007041	0.019	0.011	7.86762043514601e-05	c10	IRF2BP2
4.27182449436535e-09	0.712897871229436	0.031	0.02	8.27495122803511e-05	c10	HIF1A
6.11555514659869e-09	0.335634920350113	0.449	0.428	0.000118464418744763	c10	FTH1
9.36932955816174e-09	0.458607120975831	0.276	0.255	0.000181493282871151	c10	S100A6
9.92787301541263e-09	0.966667250741832	0.013	0.007	0.000192312828181558	c10	SNX2
2.67229936702398e-08	0.388447333458686	0.08	0.062	0.000517651110386215	c10	GSTP1
3.23624667201342e-08	0.456033337914549	0.045	0.032	0.00062689334283572	c10	CD83
3.40751796113711e-08	0.325670079788182	0.152	0.129	0.000660070304251869	c10	S100A11
6.63334010996329e-08	0.857902484969872	0.015	0.008	0.00128494431270099	c10	GRINA
1.41667360999413e-07	0.885450377349699	0.014	0.008	0.00274423844991963	c10	RN7SL2
2.34126839026893e-07	0.71272270699143	0.022	0.014	0.00453527099878995	c10	MTRNR2L8
2.55034124287559e-07	0.233520032617705	0.182	0.158	0.00494026602157431	c10	RPL13A
2.76344596445879e-07	0.620920337120001	0.026	0.017	0.00535307117775311	c10	PYCARD
2.77625794777182e-07	0.861790570978807	0.013	0.007	0.00537788927062879	c10	IER5
3.28002549960738e-07	0.254046799083389	0.191	0.167	0.00635373739528946	c10	ITM2B
6.30131336346079e-07	0.608140478200897	0.025	0.017	0.0122062741163599	c10	SMAP2
7.43092224608718e-07	0.247312215053885	0.141	0.12	0.0143944394828955	c10	RPL7
1.03567785973998e-06	0.390360647753637	0.066	0.052	0.0200621158210232	c10	TSPO
1.56869438882877e-06	0.572121038641546	0.029	0.02	0.0303871790060022	c10	SOD2
1.97298610016e-06	0.478321529982892	0.012	0.007	0.0382187137461994	c10	CXCL2
